2	3	C	1894220
2	3	A	3491307
2	2	A	10103113
2	4	C	463780
2	6	C	21242
2	2	T	8858313
2	5	C	112993
2	2	G	7937292
2	2	C	7108355
2	6	G	21827
2	3	G	1878385
2	5	G	110953
2	4	A	1208419
2	3	T	3282486
2	4	G	468645
2	4	T	1197423
2	5	A	466756
2	5	T	463934
2	7	A	71633
2	6	A	140234
2	6	T	139913
2	12	T	4101
2	8	A	21757
2	7	T	59136
2	9	T	12379
2	14	A	3253
2	8	T	21558
2	16	T	2497
2	11	A	5059
2	17	A	1981
2	8	G	645
2	18	A	1640
2	7	G	3712
2	10	A	8069
2	10	T	8174
2	15	T	2845
2	19	T	1418
2	11	T	5262
2	15	A	2966
2	14	T	3205
2	16	A	2424
2	9	A	12400
2	7	C	3119
2	8	C	634
2	45	A	11
2	17	T	2061
2	29	T	217
2	13	A	3649
2	12	A	4020
2	20	A	1173
2	37	T	40
2	13	T	3627
2	21	T	1044
2	25	A	574
2	9	G	236
2	11	C	82
2	10	C	152
2	22	T	957
2	24	T	710
2	20	T	1158
2	14	G	30
2	13	C	44
2	12	G	46
2	10	G	125
2	11	G	95
2	35	A	44
2	21	A	1024
2	31	A	110
2	9	C	234
2	18	T	1576
2	23	A	818
2	16	C	11
2	30	A	132
2	18	G	7
2	15	G	14
2	40	T	19
2	22	A	960
2	24	A	702
2	19	A	1360
2	25	T	584
2	34	T	35
2	27	A	354
2	38	A	33
2	15	C	10
2	28	A	286
2	52	A	2
2	29	A	230
2	23	T	818
2	33	A	59
2	26	A	458
2	26	T	468
2	32	T	68
2	27	T	337
2	30	T	163
2	13	G	22
2	45	T	5
2	16	G	11
2	28	T	263
2	18	C	6
2	31	T	121
2	12	C	70
2	32	A	70
2	54	A	1
2	33	T	68
2	20	C	4
2	41	A	12
2	17	C	7
2	14	C	22
2	23	C	2
2	38	T	30
2	19	G	3
2	17	G	6
2	49	T	3
2	37	A	34
2	49	A	6
2	40	A	28
2	42	T	17
2	41	T	19
2	36	A	28
2	44	A	7
2	34	A	30
2	20	G	3
2	60	T	1
2	46	A	5
2	36	T	32
2	39	T	25
2	39	A	28
2	48	A	4
2	35	T	35
2	42	A	17
2	43	T	6
2	58	A	2
2	19	C	2
2	32	C	1
2	21	G	2
2	24	G	1
2	53	T	5
2	55	T	1
2	48	T	2
2	21	C	2
2	24	C	1
2	46	T	5
2	47	T	2
2	50	T	3
2	44	T	4
2	51	T	5
2	43	A	8
2	47	A	3
2	50	A	4
2	53	A	1
2	57	T	1
2	57	A	1
2	26	G	1
2	51	A	2
2	26	C	1
2	25	G	1
2	56	T	1
3	3	T	3568064
3	2	A	9007781
3	3	C	1768641
3	4	C	426870
3	2	C	6806940
3	5	C	98382
3	2	T	9010673
3	3	A	3529588
3	4	A	1353724
3	2	G	6887534
3	4	T	1364386
3	4	G	424498
3	3	G	1767007
3	5	G	98567
3	5	A	517469
3	6	T	157168
3	5	T	527358
3	8	A	23260
3	7	T	65110
3	14	T	3029
3	10	A	8404
3	8	T	23703
3	6	A	154965
3	7	A	64501
3	7	G	2864
3	6	G	19353
3	6	C	19473
3	10	T	8443
3	15	A	2616
3	9	A	13097
3	7	C	3019
3	15	T	2587
3	9	T	13125
3	19	A	1263
3	10	C	143
3	14	A	3033
3	11	T	5074
3	16	T	2239
3	17	A	1786
3	16	A	2258
3	11	A	5029
3	24	A	613
3	25	T	515
3	13	A	3380
3	12	T	3991
3	18	T	1477
3	8	G	605
3	21	A	966
3	13	T	3368
3	12	A	4011
3	24	T	612
3	9	C	235
3	19	T	1261
3	17	T	1797
3	12	C	49
3	25	A	527
3	27	T	316
3	22	A	790
3	20	T	1045
3	10	G	123
3	20	A	1015
3	26	A	400
3	23	T	758
3	13	C	29
3	21	T	869
3	38	T	36
3	8	C	577
3	22	T	826
3	28	T	267
3	23	A	727
3	18	A	1434
3	11	C	84
3	16	G	7
3	35	A	35
3	28	A	268
3	29	A	218
3	30	A	126
3	27	A	326
3	9	G	216
3	31	T	84
3	26	T	445
3	23	C	1
3	40	T	22
3	42	T	14
3	13	G	27
3	55	T	1
3	32	T	67
3	12	G	48
3	33	A	58
3	34	T	43
3	29	T	210
3	11	G	81
3	31	A	102
3	38	A	36
3	30	T	155
3	44	T	8
3	37	A	33
3	32	A	69
3	54	T	2
3	35	T	39
3	17	C	9
3	14	C	33
3	36	A	29
3	15	C	10
3	39	T	31
3	41	T	20
3	51	T	3
3	39	A	32
3	49	T	4
3	41	A	21
3	40	A	22
3	14	G	22
3	34	A	29
3	19	C	3
3	36	T	29
3	42	A	11
3	48	A	7
3	43	T	12
3	33	T	51
3	37	T	36
3	51	A	4
3	18	G	2
3	18	C	3
3	47	A	6
3	52	T	3
3	64	T	2
3	16	C	11
3	21	C	3
3	46	T	4
3	48	T	3
3	52	A	1
3	17	G	4
3	45	T	5
3	46	A	9
3	44	A	11
3	45	A	4
3	23	G	1
3	43	A	14
3	58	A	2
3	50	T	4
3	50	A	4
3	25	G	1
3	15	G	6
3	20	G	2
3	19	G	3
3	47	T	4
3	24	C	1
3	49	A	3
3	54	A	2
3	20	C	2
3	56	A	2
3	21	G	2
3	73	A	1
3	62	A	1
3	26	C	1
3	22	G	1
4	2	A	7486667
4	3	C	1419928
4	4	C	334379
4	5	C	75756
4	2	G	5509382
4	2	C	5515500
4	3	T	2948100
4	2	T	7537641
4	3	G	1397599
4	4	T	1146624
4	6	G	14726
4	4	A	1184926
4	5	A	434328
4	3	A	3090954
4	4	G	329894
4	6	A	137892
4	11	A	4164
4	6	T	132228
4	5	T	430195
4	16	A	1820
4	7	A	54693
4	5	G	75038
4	7	T	54239
4	9	T	11112
4	12	A	3170
4	9	A	10913
4	8	T	19420
4	8	A	19498
4	11	T	4161
4	16	T	1814
4	25	A	417
4	14	T	2489
4	7	G	2160
4	17	T	1445
4	10	T	6936
4	14	A	2335
4	10	A	6994
4	26	A	317
4	13	A	2773
4	6	C	14467
4	7	C	2318
4	27	A	253
4	11	C	54
4	15	A	2150
4	12	T	3225
4	8	G	388
4	15	T	2125
4	20	T	822
4	13	T	2734
4	18	T	1252
4	18	A	1157
4	21	T	802
4	19	A	979
4	27	T	231
4	23	A	600
4	9	G	180
4	17	A	1425
4	24	T	490
4	10	G	100
4	8	C	486
4	24	A	522
4	10	C	93
4	23	T	649
4	22	A	596
4	28	T	234
4	28	A	218
4	21	A	746
4	26	T	355
4	31	A	104
4	22	T	680
4	20	A	803
4	25	T	429
4	41	T	19
4	34	A	33
4	35	T	31
4	9	C	183
4	19	T	950
4	36	T	27
4	30	A	118
4	29	T	149
4	31	T	83
4	12	C	41
4	39	A	25
4	33	A	61
4	30	T	132
4	32	A	57
4	37	A	33
4	15	C	10
4	13	G	21
4	16	G	5
4	16	C	4
4	38	A	27
4	29	A	153
4	33	T	58
4	36	A	39
4	11	G	53
4	13	C	19
4	34	T	24
4	12	G	36
4	35	A	26
4	47	T	5
4	32	T	60
4	14	C	18
4	49	A	4
4	40	T	28
4	14	G	13
4	45	T	9
4	52	A	4
4	37	T	23
4	39	T	26
4	51	T	5
4	40	A	16
4	43	T	9
4	42	T	20
4	22	C	1
4	44	T	7
4	18	C	2
4	53	T	3
4	44	A	10
4	41	A	13
4	48	A	2
4	47	A	5
4	45	A	6
4	43	A	7
4	38	T	21
4	18	G	3
4	53	A	1
4	49	T	3
4	48	T	7
4	17	C	3
4	54	A	3
4	20	G	2
4	68	A	1
4	15	G	9
4	42	A	9
4	24	C	1
4	51	A	2
4	57	T	1
4	46	A	10
4	50	T	2
4	17	G	2
4	55	T	2
4	56	T	1
4	46	T	3
4	19	C	1
4	23	G	1
4	50	A	2
4	21	C	1
4	59	A	1
4	24	G	1
4	52	T	2
4	54	T	1
4	31	C	1
4	26	G	1
4	22	G	1
4	32	G	1
4	63	T	1
5	3	G	1253551
5	2	A	7433208
5	3	C	1216968
5	3	A	2991441
5	2	C	5008977
5	4	C	277151
5	5	C	62474
5	2	T	7437750
5	4	A	1174982
5	2	G	5057037
5	3	T	3105098
5	6	C	12511
5	4	G	279463
5	7	A	55148
5	5	A	445572
5	6	G	12135
5	5	G	61822
5	8	A	19203
5	4	T	1227055
5	5	T	440789
5	6	T	134837
5	6	A	133574
5	9	A	10932
5	9	G	135
5	10	T	6705
5	7	T	54596
5	8	T	19441
5	19	T	784
5	12	A	2827
5	13	G	18
5	10	A	6779
5	9	T	10758
5	22	T	533
5	14	T	2030
5	22	A	552
5	11	T	3833
5	13	T	2385
5	7	G	1746
5	28	T	179
5	26	A	296
5	23	T	455
5	29	T	124
5	7	C	1812
5	11	A	3818
5	15	T	1808
5	12	T	2745
5	18	T	938
5	13	A	2392
5	17	A	1214
5	19	A	767
5	23	A	491
5	17	T	1223
5	27	T	240
5	20	T	680
5	15	A	1723
5	25	A	342
5	16	A	1525
5	21	T	613
5	16	T	1529
5	19	G	2
5	14	A	2118
5	28	A	170
5	24	A	450
5	20	A	714
5	10	C	94
5	35	A	24
5	21	A	573
5	8	C	363
5	26	T	262
5	8	G	337
5	33	A	38
5	12	G	32
5	25	T	358
5	18	A	1019
5	34	T	25
5	24	T	438
5	31	A	81
5	9	C	126
5	13	C	29
5	30	T	105
5	30	A	109
5	10	G	80
5	29	A	150
5	14	G	12
5	11	G	49
5	11	C	38
5	27	A	198
5	31	T	64
5	15	G	8
5	36	A	38
5	22	G	2
5	29	C	1
5	32	A	45
5	12	C	35
5	32	T	53
5	37	T	20
5	21	C	1
5	39	T	18
5	33	T	30
5	41	A	16
5	17	G	1
5	40	A	19
5	43	T	7
5	46	A	9
5	49	A	3
5	34	A	26
5	41	T	12
5	37	A	22
5	35	T	28
5	16	G	3
5	36	T	22
5	48	A	5
5	38	T	16
5	19	C	3
5	39	A	21
5	38	A	25
5	58	A	2
5	42	T	11
5	23	C	2
5	14	C	17
5	50	T	6
5	27	G	1
5	55	T	1
5	49	T	5
5	47	A	4
5	40	T	20
5	42	A	13
5	44	A	11
5	57	A	1
5	47	T	6
5	20	G	1
5	48	T	5
5	44	T	2
5	50	A	2
5	54	A	3
5	29	G	1
5	46	T	4
5	52	T	4
5	54	T	1
5	17	C	3
5	51	T	5
5	51	A	2
5	45	A	5
5	60	A	1
5	15	C	5
5	16	C	5
5	18	C	1
5	43	A	3
5	45	T	2
5	52	A	2
5	30	G	1
5	57	T	1
5	53	T	1
5	62	A	1
5	86	A	1
5	56	T	1
5	18	G	1
5	32	G	1
6	2	T	6927538
6	2	A	6838174
6	3	C	1259121
6	2	C	5011661
6	4	C	294800
6	3	A	2722487
6	2	G	4991154
6	4	T	1050819
6	3	G	1260771
6	3	T	2763275
6	4	G	295010
6	5	A	398726
6	5	C	66949
6	5	G	66643
6	4	A	1043021
6	5	T	401724
6	6	A	119022
6	6	T	120086
6	12	T	2849
6	9	A	9782
6	7	T	55338
6	7	A	49087
6	8	T	17627
6	9	T	9820
6	6	G	13505
6	8	A	17577
6	10	A	6273
6	14	A	2094
6	6	C	13573
6	7	C	1953
6	19	T	853
6	17	A	1254
6	37	A	14
6	15	T	1848
6	11	T	3744
6	7	G	1937
6	8	C	381
6	8	G	384
6	9	C	165
6	29	T	177
6	12	A	2803
6	10	T	6204
6	24	A	464
6	11	A	3622
6	16	A	1548
6	22	A	576
6	13	A	2404
6	21	T	591
6	20	T	725
6	16	T	1629
6	14	T	2159
6	19	A	851
6	25	A	424
6	17	T	1282
6	13	T	2425
6	22	T	600
6	21	A	604
6	11	G	47
6	15	A	1895
6	23	T	496
6	31	T	95
6	9	G	139
6	40	T	12
6	18	A	983
6	12	G	26
6	10	G	91
6	18	T	962
6	40	A	11
6	13	C	18
6	23	A	548
6	20	A	710
6	10	C	79
6	26	A	300
6	12	C	26
6	13	G	22
6	14	G	14
6	27	A	234
6	31	A	77
6	28	A	191
6	25	T	388
6	24	T	471
6	42	T	9
6	15	G	6
6	27	T	222
6	26	T	302
6	30	A	115
6	28	T	204
6	64	A	1
6	17	C	3
6	14	C	8
6	11	C	62
6	32	A	51
6	30	T	107
6	37	T	27
6	33	A	42
6	54	A	2
6	29	A	139
6	34	A	26
6	34	T	23
6	35	A	19
6	45	T	8
6	32	T	51
6	36	T	24
6	39	T	20
6	46	A	5
6	35	T	26
6	33	T	39
6	41	A	9
6	15	C	5
6	29	G	1
6	36	A	17
6	43	A	8
6	47	T	5
6	39	A	13
6	47	A	11
6	41	T	14
6	38	T	19
6	44	T	4
6	38	A	28
6	52	T	4
6	50	T	3
6	56	T	2
6	57	T	1
6	45	A	2
6	16	C	3
6	50	A	3
6	46	T	6
6	20	C	1
6	42	A	8
6	24	G	1
6	43	T	2
6	23	C	1
6	53	T	1
6	52	A	2
6	49	A	1
6	54	T	3
6	18	C	3
6	49	T	3
6	48	A	3
6	17	G	3
6	25	G	1
6	51	T	3
6	44	A	3
6	16	G	5
6	56	A	1
6	57	A	1
6	62	A	1
6	19	C	2
6	53	A	1
6	55	A	2
6	48	T	2
6	77	A	1
6	21	G	1
7	2	C	4738860
7	2	A	6463717
7	3	C	1200242
7	4	C	280031
7	2	T	6462979
7	3	G	1203494
7	3	A	2573609
7	2	G	4756238
7	4	T	1002721
7	5	C	64127
7	5	T	380170
7	5	G	64957
7	4	G	280791
7	4	A	995951
7	6	C	12792
7	5	A	374551
7	3	T	2600451
7	6	A	114035
7	12	A	2713
7	6	T	114278
7	8	A	16803
7	7	A	47133
7	7	T	47786
7	18	T	1001
7	6	G	12864
7	11	A	3636
7	10	A	6123
7	9	A	9495
7	14	A	2120
7	13	T	2225
7	15	A	1805
7	18	A	981
7	16	A	1544
7	13	A	2394
7	21	A	629
7	11	T	3549
7	24	A	423
7	9	T	9411
7	12	T	2752
7	8	T	16777
7	15	T	1842
7	7	G	1923
7	10	T	6040
7	20	T	719
7	16	T	1536
7	17	A	1200
7	14	T	2116
7	17	T	1256
7	26	T	290
7	8	C	394
7	21	T	647
7	11	G	65
7	12	G	37
7	39	T	18
7	7	C	2008
7	27	A	233
7	11	C	77
7	9	G	140
7	19	T	889
7	22	A	596
7	31	T	72
7	13	G	12
7	13	C	22
7	9	C	156
7	23	T	539
7	10	C	91
7	19	A	859
7	23	A	515
7	22	T	522
7	38	A	19
7	24	T	445
7	28	T	194
7	20	A	716
7	29	T	162
7	25	A	358
7	32	A	42
7	26	A	272
7	34	A	25
7	25	T	338
7	8	G	414
7	43	T	8
7	14	C	15
7	27	T	195
7	30	A	100
7	51	A	7
7	15	C	7
7	33	T	46
7	10	G	93
7	37	T	21
7	12	C	32
7	37	A	20
7	36	A	25
7	39	A	19
7	28	A	172
7	29	A	140
7	14	G	17
7	41	T	12
7	44	T	7
7	53	A	1
7	38	T	21
7	31	A	81
7	35	A	22
7	32	T	61
7	35	T	25
7	36	T	18
7	30	T	119
7	48	T	2
7	40	A	16
7	42	A	10
7	40	T	16
7	15	G	5
7	45	T	7
7	34	T	26
7	33	A	35
7	18	C	2
7	42	T	7
7	21	G	1
7	45	A	5
7	19	G	2
7	48	A	1
7	26	G	2
7	49	T	4
7	41	A	9
7	44	A	5
7	51	T	3
7	16	C	2
7	46	A	3
7	46	T	3
7	47	T	4
7	18	G	1
7	49	A	6
7	47	A	7
7	58	A	1
7	22	C	1
7	16	G	7
7	17	C	1
7	43	A	3
7	20	C	1
7	56	A	2
7	24	C	1
7	54	T	3
7	52	T	3
7	53	T	1
7	56	T	3
7	55	A	2
7	52	A	1
7	50	T	1
7	17	G	2
7	20	G	1
7	19	C	1
7	59	T	1
7	24	G	1
7	22	G	1
8	2	T	5887991
8	2	C	4623434
8	2	A	5852041
8	3	C	1196509
8	4	C	283916
8	3	A	2303401
8	4	A	871448
8	3	T	2369313
8	3	G	1193260
8	2	G	4616608
8	4	T	877565
8	5	C	66135
8	6	C	13581
8	4	G	285915
8	5	G	66885
8	5	A	341657
8	5	T	344485
8	6	A	102252
8	10	A	5585
8	7	T	42783
8	9	A	8752
8	6	T	106139
8	8	A	15248
8	7	A	42430
8	6	G	13446
8	11	T	3637
8	9	T	8840
8	20	A	783
8	15	A	1878
8	16	T	1704
8	17	T	1327
8	8	T	15634
8	10	T	5855
8	26	T	290
8	13	A	2481
8	19	A	904
8	17	A	1317
8	11	A	3445
8	14	T	2181
8	18	A	1085
8	15	T	1911
8	37	T	21
8	14	A	2182
8	12	T	2812
8	22	A	614
8	23	A	541
8	28	A	199
8	12	A	2696
8	10	C	90
8	7	G	2270
8	7	C	2035
8	22	T	594
8	13	T	2431
8	8	C	415
8	12	G	37
8	8	G	495
8	17	G	3
8	16	A	1614
8	12	C	28
8	20	T	761
8	21	T	688
8	24	A	407
8	11	C	68
8	9	G	154
8	29	A	160
8	22	C	2
8	35	A	26
8	13	C	19
8	21	A	661
8	19	T	918
8	27	A	247
8	18	T	1047
8	30	T	117
8	39	A	16
8	25	A	361
8	23	T	571
8	26	A	312
8	11	G	76
8	30	A	110
8	9	C	159
8	27	T	269
8	24	T	442
8	15	C	10
8	10	G	86
8	25	T	418
8	13	G	24
8	16	C	7
8	16	G	6
8	18	G	5
8	14	G	16
8	31	A	73
8	38	T	27
8	29	T	174
8	37	A	23
8	43	A	6
8	38	A	22
8	15	G	11
8	39	T	16
8	32	T	53
8	34	A	34
8	14	C	19
8	33	A	30
8	48	T	4
8	31	T	94
8	41	A	17
8	41	T	20
8	33	T	36
8	28	T	195
8	40	T	13
8	42	A	11
8	44	T	8
8	34	T	30
8	45	T	2
8	18	C	5
8	35	T	28
8	36	A	21
8	32	A	57
8	36	T	22
8	51	T	1
8	46	T	4
8	49	T	4
8	50	A	1
8	40	A	15
8	52	T	2
8	54	T	3
8	43	T	9
8	45	A	6
8	50	T	4
8	54	A	1
8	49	A	6
8	55	A	3
8	19	C	1
8	44	A	3
8	42	T	5
8	20	C	1
8	19	G	1
8	53	A	2
8	46	A	4
8	56	A	1
8	47	A	4
8	34	C	1
8	20	G	1
8	48	G	1
8	47	T	4
8	39	C	1
8	17	C	2
8	55	T	1
8	27	G	1
8	53	T	1
8	56	T	1
9	2	A	5436060
9	4	C	253179
9	3	C	1056398
9	3	A	2138072
9	2	C	4089867
9	2	T	5421771
9	4	A	815902
9	3	G	1063281
9	4	T	816320
9	2	G	4129746
9	3	T	2158548
9	4	G	253719
9	5	C	58751
9	5	G	58318
9	5	T	311006
9	5	A	313423
9	6	A	93103
9	11	A	2953
9	7	T	39106
9	7	A	37854
9	6	T	92831
9	22	T	505
9	8	A	13632
9	16	T	1231
9	18	A	773
9	9	A	7861
9	17	A	1031
9	10	A	4982
9	12	A	2090
9	13	A	1910
9	13	T	2054
9	21	A	545
9	12	T	2196
9	30	A	93
9	6	G	11432
9	6	C	11350
9	8	T	13735
9	10	T	4985
9	22	A	468
9	7	G	1663
9	8	C	280
9	24	T	385
9	19	A	706
9	9	G	117
9	8	G	291
9	9	T	7881
9	16	A	1277
9	24	A	363
9	14	A	1660
9	11	T	2950
9	18	T	845
9	14	T	1655
9	40	T	22
9	17	T	1014
9	19	T	697
9	40	A	17
9	25	T	300
9	15	T	1484
9	26	A	219
9	7	C	1721
9	27	T	186
9	23	T	444
9	23	A	433
9	15	A	1486
9	42	A	14
9	20	A	610
9	30	T	76
9	34	T	22
9	20	T	627
9	36	A	11
9	21	T	519
9	10	C	67
9	9	C	118
9	25	A	291
9	29	A	125
9	37	A	14
9	32	A	42
9	31	A	62
9	28	A	156
9	26	T	235
9	28	T	145
9	29	T	125
9	16	G	11
9	10	G	73
9	27	A	209
9	36	T	23
9	12	G	36
9	37	T	16
9	12	C	31
9	48	T	5
9	33	A	32
9	34	A	25
9	45	T	4
9	31	T	74
9	32	T	41
9	13	G	10
9	39	A	21
9	43	A	6
9	41	A	15
9	49	T	5
9	38	T	20
9	41	T	12
9	35	T	25
9	44	A	4
9	15	C	7
9	61	T	1
9	11	G	42
9	38	A	16
9	13	C	15
9	50	A	2
9	11	C	49
9	33	T	21
9	35	A	21
9	53	A	2
9	51	A	4
9	39	T	18
9	16	C	9
9	46	T	4
9	14	G	15
9	20	C	1
9	46	A	3
9	47	T	9
9	17	C	5
9	19	C	2
9	48	A	5
9	42	T	12
9	44	T	6
9	50	T	4
9	43	T	5
9	51	T	4
9	14	C	9
9	53	T	2
9	17	G	3
9	47	A	4
9	15	G	6
9	54	T	4
9	18	C	3
9	22	G	2
9	29	G	1
9	54	A	1
9	59	A	1
9	24	C	1
9	25	G	1
9	21	C	1
9	49	A	1
9	55	A	3
9	57	A	1
9	45	A	1
9	19	G	1
9	18	G	1
9	30	G	1
9	56	T	1
9	52	A	1
9	21	G	2
9	20	G	1
9	58	T	1
10	2	G	5510226
10	2	A	6905979
10	3	C	1086454
10	2	C	5436542
10	4	C	266172
10	3	A	1854380
10	2	T	6868957
10	4	A	654855
10	5	C	57275
10	3	G	1084887
10	4	T	659828
10	3	T	1882232
10	4	G	266966
10	5	G	56162
10	25	G	1
10	5	T	257275
10	7	T	31213
10	6	C	11368
10	6	G	11194
10	5	A	257595
10	6	T	74938
10	7	G	1918
10	6	A	75167
10	7	A	31335
10	8	A	11153
10	16	T	1269
10	14	A	1612
10	15	A	1406
10	9	T	6498
10	12	T	2005
10	13	A	1811
10	10	T	4123
10	23	T	397
10	11	T	2605
10	18	A	803
10	9	A	6505
10	12	A	2016
10	14	T	1551
10	13	T	1858
10	15	T	1376
10	10	A	4216
10	24	T	329
10	7	C	1748
10	11	A	2603
10	27	T	179
10	8	T	11323
10	8	G	391
10	17	A	1032
10	26	A	220
10	18	T	844
10	16	A	1249
10	19	T	688
10	21	T	485
10	21	A	568
10	17	T	1010
10	20	A	586
10	39	A	10
10	24	A	357
10	29	A	129
10	26	T	238
10	22	T	470
10	25	T	273
10	19	A	685
10	29	T	108
10	9	G	149
10	33	T	25
10	20	T	608
10	28	T	148
10	25	A	290
10	10	C	77
10	30	T	81
10	23	A	390
10	8	C	354
10	31	A	63
10	30	A	80
10	38	A	23
10	44	T	4
10	27	A	170
10	14	C	12
10	37	T	22
10	9	C	128
10	12	C	22
10	31	T	54
10	28	A	129
10	22	A	449
10	37	A	20
10	36	A	12
10	32	A	39
10	38	T	19
10	34	T	20
10	13	G	22
10	44	A	5
10	10	G	72
10	57	A	1
10	12	G	23
10	50	A	5
10	32	T	38
10	16	C	5
10	13	C	17
10	39	T	11
10	40	T	13
10	40	A	13
10	33	A	33
10	42	A	4
10	18	C	3
10	54	T	2
10	36	T	11
10	53	A	2
10	11	G	42
10	35	T	15
10	35	A	21
10	51	T	2
10	53	T	2
10	48	T	6
10	14	G	11
10	16	G	5
10	47	A	4
10	17	C	7
10	45	A	7
10	43	A	5
10	43	T	5
10	11	C	28
10	20	G	1
10	34	A	22
10	52	T	3
10	18	G	4
10	41	A	13
10	50	T	2
10	42	T	8
10	56	T	1
10	15	G	11
10	41	T	11
10	51	A	2
10	45	T	6
10	17	G	2
10	73	T	1
10	46	A	2
10	21	C	1
10	21	G	1
10	48	A	2
10	19	C	1
10	49	A	2
10	47	T	3
10	46	T	2
10	52	A	2
10	55	A	1
10	24	C	1
10	23	C	1
10	15	C	1
10	25	C	1
11	2	G	4032769
11	2	A	4922301
11	3	C	1048609
11	2	C	3954881
11	2	T	4861322
11	4	C	260666
11	3	A	1878728
11	5	C	60973
11	4	A	698737
11	4	G	256582
11	3	G	1055197
11	4	T	700788
11	5	G	60271
11	3	T	1918142
11	5	A	271481
11	8	A	12297
11	6	C	11903
11	5	T	271935
11	6	T	83440
11	7	A	33679
11	15	T	1578
11	6	A	80391
11	9	A	7015
11	11	A	2851
11	26	A	272
11	8	T	12392
11	16	A	1409
11	12	A	2237
11	6	G	12025
11	7	T	33963
11	10	T	4666
11	9	T	7281
11	12	T	2252
11	21	A	533
11	13	A	2002
11	18	T	880
11	18	A	879
11	22	A	516
11	21	T	603
11	8	C	384
11	10	A	4679
11	22	T	532
11	10	G	87
11	7	G	1900
11	7	C	1788
11	17	T	1076
11	24	T	388
11	14	A	1728
11	23	T	429
11	11	T	2945
11	14	T	1805
11	30	A	88
11	19	A	747
11	17	A	1128
11	24	A	397
11	25	A	316
11	9	C	160
11	16	T	1319
11	13	T	1954
11	19	T	737
11	15	C	10
11	15	A	1522
11	25	T	299
11	27	T	206
11	28	T	166
11	8	G	394
11	9	G	156
11	23	A	451
11	13	C	33
11	33	A	35
11	12	C	34
11	32	A	39
11	34	A	24
11	10	C	87
11	11	G	48
11	28	A	175
11	20	T	610
11	37	A	19
11	36	T	16
11	14	C	17
11	32	T	42
11	35	T	14
11	29	T	126
11	26	T	249
11	30	T	87
11	27	A	185
11	54	A	3
11	20	A	627
11	39	A	14
11	29	A	117
11	56	A	1
11	31	T	56
11	13	G	14
11	38	T	17
11	37	T	18
11	35	A	29
11	31	A	55
11	49	T	5
11	33	T	44
11	15	G	11
11	45	A	8
11	40	A	20
11	20	G	2
11	39	T	12
11	40	T	18
11	47	A	5
11	36	A	22
11	12	G	31
11	47	T	3
11	38	A	17
11	16	C	7
11	44	A	4
11	41	T	9
11	16	G	5
11	51	T	3
11	11	C	42
11	20	C	1
11	42	T	5
11	34	T	19
11	44	T	3
11	43	T	8
11	14	G	13
11	43	A	4
11	46	A	1
11	17	G	3
11	18	G	2
11	45	T	5
11	42	A	1
11	22	C	1
11	41	A	9
11	48	A	2
11	21	G	1
11	51	A	4
11	46	T	3
11	53	T	2
11	18	C	2
11	52	A	1
11	54	T	2
11	52	T	3
11	53	A	1
11	56	T	1
11	22	G	1
11	50	T	1
11	17	C	3
11	19	C	1
11	48	T	2
11	50	A	1
11	19	G	1
11	21	C	1
11	23	C	1
12	3	G	1071565
12	2	A	4879437
12	3	C	1058267
12	4	C	266541
12	3	A	1896828
12	2	C	3947460
12	5	C	63531
12	4	A	690684
12	2	T	4921719
12	2	G	4004438
12	4	G	267646
12	5	G	64557
12	8	G	373
12	15	G	6
12	3	T	1922170
12	4	T	686139
12	5	T	270950
12	7	T	32722
12	6	C	12600
12	6	G	12675
12	6	T	79742
12	5	A	272495
12	7	G	1971
12	6	A	79773
12	7	A	32827
12	8	A	11716
12	11	T	2668
12	14	A	1617
12	15	A	1468
12	8	T	11904
12	9	T	6915
12	22	T	438
12	10	A	4463
12	20	A	532
12	14	T	1584
12	13	A	1872
12	9	A	6861
12	24	T	314
12	12	T	2078
12	17	T	1002
12	18	A	789
12	10	T	4315
12	9	C	134
12	8	C	370
12	17	A	988
12	15	T	1470
12	20	T	565
12	11	A	2710
12	18	T	837
12	16	A	1235
12	13	T	1834
12	24	A	330
12	12	A	2075
12	19	A	683
12	28	T	139
12	19	T	671
12	7	C	1824
12	21	A	529
12	21	T	491
12	31	A	60
12	26	A	237
12	33	A	25
12	23	T	438
12	16	T	1227
12	26	T	220
12	11	C	55
12	9	G	132
12	12	G	37
12	11	G	48
12	10	G	72
12	25	T	315
12	25	A	301
12	31	T	55
12	22	A	463
12	29	T	96
12	10	C	74
12	23	A	403
12	33	T	20
12	12	C	27
12	27	T	181
12	39	T	14
12	36	T	16
12	29	A	103
12	34	A	13
12	30	A	83
12	14	C	8
12	28	A	131
12	36	A	14
12	48	T	4
12	27	A	167
12	46	A	6
12	19	C	1
12	37	A	21
12	30	T	78
12	39	A	14
12	32	T	41
12	17	C	3
12	43	A	8
12	35	A	26
12	40	T	16
12	56	A	1
12	42	A	8
12	34	T	18
12	13	C	21
12	35	T	15
12	32	A	41
12	38	A	13
12	41	A	13
12	47	A	4
12	42	T	3
12	18	G	6
12	37	T	15
12	13	G	20
12	46	T	6
12	50	A	3
12	38	T	14
12	14	G	8
12	16	G	4
12	18	C	3
12	54	A	2
12	45	T	3
12	15	C	6
12	40	A	12
12	49	T	1
12	44	T	6
12	17	G	4
12	16	C	5
12	24	G	1
12	58	T	2
12	53	T	1
12	53	A	2
12	55	T	2
12	41	T	11
12	44	A	2
12	51	A	3
12	21	G	1
12	43	T	1
12	48	A	4
12	51	T	1
12	47	T	7
12	19	G	1
12	54	T	1
12	59	T	1
12	49	A	3
12	22	C	2
12	52	T	1
12	45	A	1
13	2	G	3821435
13	3	C	1005076
13	2	A	4870052
13	2	C	3861986
13	4	C	239122
13	3	A	1954601
13	2	T	4875132
13	5	C	56318
13	3	G	1001107
13	4	T	717235
13	3	T	1906905
13	4	G	238528
13	5	G	56723
13	19	G	2
13	4	A	714922
13	5	T	282389
13	7	T	35648
13	6	C	11390
13	6	G	11301
13	5	A	281481
13	6	T	84719
13	7	G	1901
13	6	A	84280
13	7	A	35192
13	13	T	2049
13	13	A	2082
13	8	T	12965
13	9	T	7418
13	20	T	629
13	16	A	1476
13	12	T	2293
13	22	T	523
13	8	A	13229
13	20	A	693
13	10	A	4854
13	12	A	2388
13	14	A	1864
13	9	A	7432
13	7	C	1744
13	8	G	411
13	25	T	321
13	17	A	1173
13	11	A	3079
13	15	A	1686
13	15	T	1723
13	10	T	4831
13	8	C	335
13	9	C	134
13	14	T	1890
13	24	A	383
13	11	T	3075
13	16	T	1453
13	19	A	802
13	10	G	82
13	21	A	555
13	23	T	467
13	18	T	965
13	14	G	15
13	29	A	124
13	26	A	255
13	25	A	313
13	17	T	1171
13	34	A	19
13	18	A	933
13	16	G	5
13	23	A	497
13	19	T	797
13	42	T	3
13	21	T	633
13	22	A	533
13	11	G	54
13	32	T	52
13	26	T	272
13	10	C	74
13	28	A	169
13	30	A	96
13	28	T	167
13	24	T	429
13	33	T	31
13	27	T	223
13	27	A	208
13	37	A	19
13	50	A	2
13	30	T	99
13	12	C	32
13	31	T	63
13	29	T	117
13	34	T	24
13	13	G	26
13	39	T	20
13	33	A	34
13	9	G	174
13	11	C	52
13	46	A	7
13	31	A	66
13	14	C	9
13	52	A	4
13	41	A	8
13	20	C	2
13	54	T	2
13	32	A	45
13	12	G	23
13	39	A	12
13	57	T	1
13	38	A	12
13	38	T	18
13	36	A	23
13	15	G	8
13	15	C	9
13	18	G	3
13	56	T	1
13	41	T	12
13	45	A	4
13	42	A	12
13	36	T	18
13	35	A	23
13	35	T	21
13	37	T	17
13	20	G	1
13	57	A	1
13	43	T	5
13	49	T	4
13	51	T	3
13	40	A	13
13	13	C	15
13	24	G	1
13	19	C	3
13	47	T	3
13	40	T	8
13	48	A	2
13	44	T	1
13	50	T	1
13	44	A	5
13	46	T	5
13	17	G	1
13	17	C	2
13	52	T	3
13	54	A	1
13	45	T	4
13	51	A	2
13	30	G	1
13	16	C	2
13	23	G	1
13	43	A	3
13	21	G	1
13	47	A	2
13	18	C	1
13	55	T	1
13	48	T	1
13	22	G	1
14	2	G	2885641
14	4	C	182597
14	2	A	4050448
14	3	C	769442
14	3	A	1898177
14	2	C	3001680
14	6	A	82158
14	4	G	169621
14	3	G	711126
14	2	T	4265414
14	3	T	1663456
14	4	A	751918
14	5	A	241485
14	5	C	41475
14	4	T	659456
14	7	A	28966
14	8	A	10050
14	6	T	72755
14	5	T	242898
14	9	A	5776
14	7	T	29216
14	8	T	10429
14	9	T	5914
14	11	A	2054
14	8	C	647
14	5	G	40345
14	7	C	1806
14	6	G	8641
14	7	G	1607
14	12	T	1496
14	6	C	9163
14	10	T	3615
14	15	A	999
14	14	A	1137
14	17	A	645
14	12	A	1458
14	10	A	3486
14	13	T	1315
14	11	T	2141
14	13	A	1345
14	15	T	955
14	28	T	103
14	51	A	2
14	27	T	121
14	14	T	1140
14	26	T	132
14	18	T	606
14	11	G	28
14	18	A	539
14	22	T	297
14	16	T	848
14	8	G	293
14	17	T	729
14	41	T	15
14	21	A	299
14	30	T	52
14	16	A	843
14	20	T	383
14	19	T	526
14	23	T	365
14	24	T	365
14	9	G	73
14	12	C	92
14	10	G	192
14	9	C	161
14	15	C	76
14	21	T	324
14	12	G	26
14	14	C	10
14	11	C	34
14	13	C	13
14	13	G	13
14	47	T	2
14	15	G	6
14	52	T	2
14	25	T	187
14	16	C	2
14	34	T	20
14	28	A	96
14	34	A	14
14	37	T	11
14	29	T	72
14	19	A	417
14	39	A	6
14	52	A	1
14	30	A	66
14	27	A	116
14	24	A	245
14	10	C	71
14	23	A	254
14	36	A	8
14	39	T	15
14	22	A	299
14	48	A	2
14	29	A	76
14	33	T	17
14	16	G	3
14	25	A	205
14	20	A	350
14	40	T	4
14	32	A	28
14	47	A	2
14	26	A	141
14	38	T	16
14	44	T	1
14	31	A	38
14	42	A	5
14	35	A	15
14	32	T	23
14	40	A	7
14	33	A	18
14	56	T	1
14	30	G	1
14	36	T	12
14	38	A	13
14	51	T	1
14	31	T	43
14	55	T	2
14	46	T	3
14	43	A	5
14	42	T	2
14	35	T	13
14	41	A	5
14	43	T	3
14	48	T	2
14	53	T	2
14	17	C	4
14	25	G	1
14	37	A	8
14	45	A	4
14	56	A	1
14	19	G	2
14	22	C	3
14	49	T	1
14	50	T	1
14	54	A	1
14	14	G	6
14	17	G	1
14	46	A	3
14	50	A	1
14	49	A	2
14	57	T	1
14	18	G	1
14	23	C	1
14	44	A	1
14	55	A	1
15	2	T	3723680
15	2	A	3698373
15	3	C	759398
15	4	C	185028
15	2	G	2967124
15	2	C	2965404
15	4	A	528197
15	3	A	1448148
15	3	T	1446085
15	3	G	764462
15	5	G	45081
15	4	T	534306
15	4	G	191843
15	5	C	44340
15	6	C	8710
15	5	A	209866
15	7	T	25599
15	5	T	211841
15	8	T	9213
15	6	A	59769
15	6	G	8746
15	9	T	5358
15	6	T	61564
15	7	A	25195
15	18	A	599
15	11	A	1991
15	8	G	305
15	14	A	1256
15	8	A	8983
15	10	T	3409
15	10	A	3415
15	11	T	2240
15	23	A	319
15	15	A	1080
15	7	G	1389
15	12	T	1568
15	9	A	5292
15	12	A	1625
15	13	T	1410
15	21	A	344
15	16	A	935
15	16	T	928
15	14	T	1324
15	18	T	664
15	27	T	137
15	7	C	1366
15	10	G	69
15	9	G	111
15	8	C	353
15	26	A	161
15	10	C	51
15	13	A	1382
15	15	T	1112
15	40	A	11
15	20	A	441
15	25	T	237
15	19	T	536
15	17	T	792
15	21	T	362
15	24	T	273
15	17	A	750
15	22	T	357
15	23	T	295
15	35	T	19
15	33	T	34
15	22	A	348
15	31	T	55
15	19	A	502
15	20	T	403
15	11	C	47
15	9	C	106
15	13	G	25
15	16	C	19
15	44	T	15
15	14	C	23
15	15	C	9
15	41	T	11
15	13	C	13
15	12	C	37
15	42	T	6
15	24	A	241
15	29	T	76
15	12	G	22
15	28	A	136
15	31	A	37
15	25	A	222
15	44	A	3
15	33	A	31
15	28	T	123
15	49	T	2
15	26	T	171
15	39	T	18
15	30	A	68
15	32	A	16
15	41	A	6
15	11	G	24
15	34	T	15
15	27	A	149
15	32	T	35
15	30	T	46
15	35	A	17
15	36	A	12
15	38	A	15
15	17	G	4
15	29	A	86
15	36	T	12
15	43	T	7
15	34	A	13
15	39	A	12
15	16	G	3
15	18	C	2
15	38	T	11
15	37	T	11
15	37	A	20
15	15	G	7
15	55	A	1
15	47	T	3
15	42	A	4
15	40	T	6
15	49	A	2
15	51	A	2
15	14	G	5
15	43	A	8
15	20	G	3
15	54	A	3
15	19	G	2
15	58	T	1
15	50	A	2
15	45	A	2
15	48	A	1
15	45	T	3
15	47	A	1
15	21	C	1
15	46	A	2
15	17	C	4
15	22	G	1
15	27	C	1
15	46	T	1
15	48	T	2
15	22	C	1
15	19	C	1
15	52	A	1
15	20	C	1
16	2	A	3341876
16	3	C	772750
16	4	C	186808
16	2	C	3693489
16	2	T	4277716
16	3	A	1263298
16	5	C	45410
16	2	G	2797714
16	3	T	1403459
16	4	A	461781
16	6	C	9360
16	4	G	187300
16	7	A	22237
16	5	A	180119
16	6	G	9536
16	3	G	741718
16	5	G	46195
16	8	A	8148
16	4	T	480193
16	5	T	181834
16	6	T	53295
16	6	A	53851
16	9	A	4813
16	8	G	391
16	10	T	2991
16	7	T	22756
16	8	T	8577
16	18	T	667
16	10	A	3056
16	9	T	4846
16	12	G	22
16	11	A	1991
16	29	T	106
16	14	T	1248
16	18	A	660
16	11	T	2093
16	13	T	1432
16	7	G	1774
16	12	T	1609
16	15	T	1153
16	25	T	246
16	20	A	453
16	21	A	369
16	14	A	1262
16	23	A	298
16	15	A	1111
16	12	A	1580
16	24	A	284
16	17	A	805
16	22	T	365
16	20	T	498
16	21	T	378
16	11	G	31
16	10	G	101
16	8	C	395
16	7	C	1677
16	25	A	251
16	10	C	128
16	19	A	527
16	13	A	1410
16	22	A	348
16	16	T	967
16	24	T	337
16	36	T	11
16	14	G	7
16	16	A	923
16	19	T	542
16	27	T	136
16	17	T	844
16	33	T	32
16	40	A	9
16	9	C	127
16	26	T	172
16	13	C	49
16	40	T	40
16	15	C	41
16	9	G	114
16	14	C	29
16	41	T	24
16	11	C	44
16	12	C	15
16	38	T	14
16	28	A	104
16	37	A	16
16	37	T	19
16	26	A	172
16	31	A	43
16	30	A	59
16	45	A	4
16	23	T	313
16	36	A	20
16	27	A	145
16	42	A	8
16	31	T	35
16	32	T	34
16	30	T	73
16	39	T	12
16	38	A	9
16	28	T	115
16	29	A	101
16	33	A	22
16	32	A	39
16	34	T	14
16	35	A	11
16	43	A	9
16	34	A	18
16	15	G	3
16	42	T	4
16	44	A	3
16	35	T	11
16	48	T	4
16	25	G	1
16	17	G	4
16	41	A	6
16	47	A	1
16	16	C	2
16	24	C	1
16	20	G	1
16	19	G	2
16	29	C	1
16	45	T	1
16	39	A	6
16	47	T	5
16	13	G	12
16	43	T	4
16	21	G	1
16	56	T	1
16	27	G	1
16	46	T	2
16	54	T	1
16	61	A	1
16	49	A	3
16	44	T	3
16	52	T	1
16	48	A	1
16	18	C	1
16	20	C	1
16	16	G	3
16	27	C	1
16	22	C	1
16	21	C	1
16	55	T	1
16	46	A	1
16	24	G	1
16	29	G	1
16	28	C	1
16	63	T	1
16	50	A	2
16	57	A	1
16	18	G	1
16	49	T	1
16	58	T	1
16	54	A	1
16	62	A	1
17	2	A	3057415
17	3	C	803673
17	3	A	1052496
17	2	C	3499179
17	4	C	197086
17	5	C	49147
17	2	G	2856101
17	3	G	785677
17	2	T	4275077
17	4	T	385939
17	3	T	1345823
17	4	G	198888
17	5	G	48960
17	22	G	1
17	4	A	365656
17	5	T	151692
17	7	T	20160
17	6	C	10044
17	6	G	10208
17	5	A	150744
17	6	T	45564
17	7	G	1531
17	6	A	44122
17	8	T	7345
17	18	T	756
17	25	T	255
17	19	T	661
17	14	T	1416
17	17	T	935
17	9	T	4381
17	15	A	1312
17	7	A	19108
17	8	A	7266
17	20	A	560
17	14	A	1356
17	23	A	410
17	12	A	1607
17	9	A	4256
17	12	T	1637
17	16	T	1135
17	17	A	880
17	8	C	310
17	7	C	1534
17	8	G	346
17	11	G	46
17	10	G	60
17	10	A	3081
17	10	T	2991
17	13	T	1422
17	21	T	473
17	16	A	1107
17	18	A	802
17	29	A	116
17	27	T	149
17	31	A	46
17	11	T	1998
17	14	C	15
17	11	A	2002
17	21	A	500
17	24	T	329
17	13	A	1501
17	24	A	330
17	26	A	220
17	15	T	1245
17	28	A	140
17	19	A	590
17	22	T	426
17	27	A	163
17	22	A	439
17	23	T	366
17	25	A	260
17	26	T	209
17	20	T	552
17	11	C	39
17	9	G	126
17	9	C	115
17	10	C	69
17	15	C	12
17	13	G	13
17	30	A	87
17	22	C	1
17	12	C	26
17	14	G	12
17	39	T	12
17	33	T	23
17	16	G	4
17	30	T	88
17	28	T	142
17	31	T	61
17	43	A	5
17	29	T	118
17	33	A	29
17	12	G	31
17	34	A	28
17	36	A	20
17	32	T	30
17	52	T	1
17	34	T	19
17	38	A	18
17	38	T	16
17	32	A	38
17	37	A	13
17	36	T	15
17	23	G	1
17	37	T	16
17	35	T	15
17	41	A	8
17	40	A	13
17	49	A	2
17	13	C	17
17	48	A	4
17	41	T	6
17	58	A	1
17	42	T	5
17	35	A	10
17	39	A	17
17	48	T	3
17	20	C	3
17	42	A	4
17	40	T	18
17	49	T	8
17	51	A	2
17	43	T	9
17	44	T	5
17	44	A	2
17	62	T	1
17	46	A	3
17	16	C	3
17	46	T	2
17	51	T	2
17	17	C	3
17	20	G	2
17	19	C	2
17	18	G	5
17	31	C	1
17	54	A	1
17	26	G	1
17	54	T	1
17	56	T	1
17	47	T	2
17	57	A	1
17	45	T	2
17	53	A	1
17	57	T	1
17	17	G	2
17	47	A	2
17	19	G	1
17	28	C	1
17	26	C	1
17	25	G	1
18	2	T	2791827
18	2	C	2793082
18	2	A	2767788
18	3	C	797947
18	3	A	1021753
18	4	C	206820
18	3	G	808497
18	2	G	2861380
18	4	T	345536
18	4	A	351969
18	5	A	148514
18	3	T	1057541
18	4	G	206826
18	6	A	43227
18	6	T	43280
18	5	G	52685
18	5	C	53246
18	12	A	1812
18	5	T	154645
18	7	A	18925
18	10	A	3306
18	8	A	7386
18	6	G	10619
18	15	A	1507
18	13	A	1716
18	7	T	18908
18	7	G	1788
18	13	C	18
18	17	T	1010
18	14	T	1567
18	8	T	7461
18	6	C	10885
18	11	T	2140
18	9	A	4421
18	7	C	1763
18	17	A	1066
18	19	A	729
18	12	T	1830
18	20	T	602
18	22	T	482
18	14	A	1562
18	9	T	4541
18	16	T	1296
18	8	G	353
18	28	T	137
18	24	T	352
18	21	A	552
18	15	T	1405
18	16	A	1265
18	10	T	3181
18	13	T	1670
18	21	T	499
18	11	A	2200
18	18	A	916
18	23	T	443
18	9	C	134
18	12	C	22
18	11	C	52
18	22	A	510
18	26	T	234
18	23	A	415
18	20	A	621
18	18	T	859
18	27	A	185
18	19	T	693
18	28	A	152
18	24	A	341
18	10	G	81
18	27	T	144
18	25	T	310
18	34	T	13
18	49	A	1
18	29	A	121
18	29	T	121
18	9	G	124
18	10	C	75
18	25	A	303
18	8	C	371
18	26	A	223
18	32	A	35
18	38	T	12
18	42	A	5
18	12	G	35
18	13	G	20
18	35	A	17
18	30	A	82
18	14	C	10
18	11	G	43
18	17	G	3
18	31	A	48
18	14	G	10
18	30	T	68
18	33	T	27
18	27	C	1
18	34	A	25
18	21	C	2
18	39	T	14
18	38	A	16
18	31	T	47
18	15	G	9
18	39	A	10
18	37	A	11
18	36	T	15
18	16	C	6
18	33	A	18
18	43	A	3
18	20	G	4
18	18	C	4
18	24	G	1
18	32	T	22
18	41	A	9
18	16	G	4
18	18	G	1
18	54	T	2
18	40	A	12
18	37	T	16
18	35	T	12
18	40	T	11
18	47	T	3
18	43	T	3
18	53	A	2
18	29	C	1
18	50	A	2
18	36	A	11
18	53	T	2
18	41	T	4
18	15	C	10
18	19	C	2
18	45	A	3
18	47	A	5
18	46	T	3
18	23	G	1
18	22	C	2
18	62	T	1
18	49	T	3
18	19	G	2
18	46	A	1
18	64	A	1
18	44	T	2
18	42	T	1
18	17	C	3
18	48	A	1
18	21	G	1
18	24	C	1
18	48	T	2
18	45	T	1
18	23	C	2
18	44	A	1
18	51	A	1
18	52	T	1
19	2	T	2996947
19	2	C	2129069
19	2	A	3008804
19	3	C	566453
19	3	A	1211202
19	5	C	28949
19	4	C	127565
19	2	G	2273967
19	3	G	562607
19	4	T	474900
19	3	T	1260799
19	4	G	128749
19	4	A	444976
19	5	G	29076
19	5	A	179565
19	9	A	4074
19	6	C	5768
19	5	T	183115
19	6	T	48673
19	8	A	7140
19	13	T	1014
19	6	A	49290
19	7	A	20244
19	29	A	63
19	35	A	10
19	8	T	7204
19	7	T	22132
19	16	T	647
19	11	A	1504
19	6	G	5676
19	14	T	878
19	15	T	777
19	9	T	4120
19	36	A	9
19	17	T	503
19	30	A	37
19	12	A	1163
19	7	G	763
19	7	C	937
19	13	A	985
19	10	A	2525
19	26	A	112
19	22	A	238
19	15	A	791
19	16	A	651
19	14	A	878
19	8	C	165
19	17	A	515
19	11	T	1479
19	10	T	2669
19	21	A	261
19	32	A	27
19	24	A	197
19	23	A	210
19	12	T	1154
19	20	T	270
19	18	T	403
19	22	T	250
19	20	A	285
19	18	A	413
19	21	T	258
19	23	T	202
19	25	T	149
19	25	A	155
19	10	G	40
19	9	C	66
19	29	T	48
19	9	G	69
19	19	T	354
19	19	A	325
19	33	T	19
19	28	A	75
19	26	T	150
19	28	T	72
19	27	T	106
19	30	T	45
19	31	T	25
19	11	C	27
19	24	T	165
19	37	A	14
19	27	A	101
19	8	G	168
19	12	G	11
19	43	A	2
19	11	G	32
19	31	A	35
19	40	A	10
19	10	C	39
19	34	A	14
19	45	A	3
19	38	T	9
19	41	T	4
19	13	C	3
19	32	T	12
19	34	T	9
19	14	C	11
19	33	A	20
19	40	T	6
19	42	A	7
19	13	G	9
19	36	T	11
19	39	A	9
19	19	C	1
19	15	G	2
19	12	C	22
19	39	T	12
19	18	C	2
19	50	A	2
19	15	C	5
19	46	A	2
19	17	G	4
19	37	T	4
19	49	A	1
19	42	T	3
19	47	A	4
19	35	T	8
19	47	T	2
19	16	G	1
19	14	G	4
19	51	T	2
19	45	T	1
19	43	T	3
19	51	A	1
19	38	A	3
19	46	T	3
19	20	C	1
19	44	T	3
19	22	C	1
19	17	C	1
19	41	A	3
19	59	A	1
19	48	A	1
19	63	A	1
19	52	A	1
19	63	T	1
19	54	A	1
19	18	G	1
19	49	T	1
20	2	A	1837859
20	3	C	644787
20	2	C	2167371
20	4	C	172416
20	5	C	46246
20	3	A	677216
20	6	C	10048
20	2	T	1895834
20	4	A	202581
20	3	G	661600
20	4	T	222748
20	2	G	2193975
20	3	T	705519
20	4	G	175304
20	5	G	46851
20	7	G	1915
20	13	G	17
20	6	A	29082
20	5	T	109175
20	7	T	13640
20	6	T	30294
20	5	A	101202
20	7	A	13174
20	8	A	5210
20	13	T	1417
20	13	A	1416
20	16	A	1087
20	10	T	2450
20	9	T	3332
20	12	A	1453
20	11	T	1792
20	23	T	391
20	10	A	2304
20	8	T	5712
20	20	A	581
20	11	A	1645
20	15	T	1359
20	6	G	9990
20	9	A	3279
20	16	T	1137
20	22	A	426
20	14	A	1364
20	12	T	1518
20	8	C	405
20	28	T	118
20	18	A	757
20	14	T	1325
20	29	T	94
20	15	A	1272
20	24	A	290
20	21	A	494
20	17	A	911
20	19	A	626
20	25	A	272
20	27	T	163
20	7	C	2019
20	8	G	409
20	27	A	150
20	23	A	431
20	22	T	457
20	18	T	738
20	26	A	159
20	9	G	127
20	18	G	5
20	32	T	25
20	14	G	21
20	20	T	549
20	28	A	105
20	10	G	77
20	39	T	14
20	21	T	524
20	11	G	49
20	17	T	964
20	12	G	36
20	25	T	260
20	14	C	7
20	10	C	71
20	19	T	648
20	9	C	144
20	30	T	58
20	12	C	27
20	42	T	7
20	21	G	2
20	15	G	7
20	31	T	55
20	24	T	301
20	16	C	4
20	11	C	40
20	37	T	7
20	26	T	192
20	40	A	8
20	31	A	34
20	34	A	20
20	35	A	23
20	33	A	23
20	30	A	59
20	32	A	28
20	29	A	88
20	13	C	15
20	40	T	11
20	38	T	11
20	17	G	7
20	30	C	1
20	38	A	17
20	37	A	11
20	43	T	3
20	39	A	14
20	43	A	5
20	52	T	1
20	41	A	8
20	36	A	11
20	33	T	18
20	22	G	1
20	16	G	6
20	15	C	6
20	42	A	3
20	34	T	16
20	44	T	5
20	48	A	1
20	35	T	13
20	49	A	1
20	41	T	10
20	36	T	3
20	47	A	2
20	45	A	5
20	45	T	2
20	54	T	1
20	44	A	4
20	24	G	1
20	28	C	1
20	17	C	3
20	46	A	2
20	56	A	1
20	20	C	1
20	53	T	1
20	49	T	1
20	23	C	1
20	18	C	1
20	50	A	1
20	25	C	1
20	19	G	3
20	20	G	1
20	46	T	1
20	50	T	1
20	51	T	1
20	24	C	1
20	54	A	1
21	2	T	2247081
21	2	A	2342794
21	3	C	582629
21	2	C	2022278
21	5	C	37226
21	3	A	867659
21	4	C	148207
21	4	T	309272
21	3	G	583669
21	2	G	2186468
21	3	T	878559
21	6	C	7557
21	4	G	147658
21	5	G	36641
21	4	A	294438
21	5	A	128949
21	5	T	130538
21	40	T	10
21	6	T	34849
21	6	A	32814
21	10	A	1961
21	7	T	14546
21	8	A	5096
21	9	A	3106
21	7	A	13853
21	8	T	5472
21	6	G	7110
21	12	T	1150
21	9	T	3134
21	16	A	693
21	15	A	726
21	16	T	700
21	10	T	2109
21	13	A	940
21	14	A	884
21	21	A	295
21	11	A	1237
21	14	T	866
21	17	A	538
21	26	A	121
21	14	G	10
21	7	G	1100
21	12	A	1036
21	8	C	211
21	24	T	201
21	15	T	805
21	25	T	178
21	18	T	469
21	19	A	366
21	11	T	1398
21	13	T	950
21	19	T	372
21	17	T	561
21	24	A	181
21	21	T	320
21	7	C	1192
21	22	A	263
21	23	T	212
21	37	T	9
21	30	A	54
21	27	A	89
21	29	A	45
21	33	A	5
21	28	T	69
21	20	T	346
21	20	A	348
21	18	A	409
21	8	G	252
21	22	T	261
21	23	A	221
21	29	T	69
21	25	A	136
21	10	G	55
21	9	G	105
21	11	G	23
21	41	A	8
21	26	T	135
21	42	A	5
21	10	C	65
21	9	C	69
21	28	A	59
21	34	T	14
21	32	A	17
21	27	T	100
21	13	C	7
21	30	T	40
21	15	G	9
21	35	T	7
21	31	A	27
21	34	A	10
21	42	T	7
21	14	C	7
21	38	A	8
21	12	G	19
21	41	T	6
21	36	A	5
21	39	A	2
21	38	T	15
21	12	C	10
21	13	G	8
21	33	T	16
21	32	T	20
21	49	A	3
21	57	T	1
21	35	A	12
21	31	T	26
21	11	C	20
21	47	T	2
21	40	A	4
21	39	T	5
21	19	G	2
21	51	T	1
21	54	T	1
21	45	A	2
21	17	C	4
21	18	C	1
21	36	T	4
21	15	C	5
21	46	A	1
21	50	A	1
21	37	A	4
21	16	G	4
21	48	A	2
21	58	A	1
21	43	A	1
21	46	T	2
21	18	G	2
21	43	T	2
21	20	C	2
21	16	C	1
21	22	G	1
21	21	C	1
21	47	A	1
21	51	A	2
21	56	A	1
21	29	G	1
21	52	T	1
22	4	A	243155
22	3	C	354717
22	2	A	1642313
22	2	C	1326773
22	3	A	646125
22	4	C	90599
22	5	C	23056
22	2	G	1367087
22	3	T	617503
22	4	T	231784
22	2	T	1593803
22	5	T	86153
22	4	G	90425
22	3	G	333522
22	6	T	24897
22	5	A	85769
22	6	A	26792
22	7	A	10460
22	8	G	222
22	6	G	4901
22	8	A	3826
22	10	T	1365
22	5	G	23904
22	6	C	4895
22	7	T	10314
22	8	T	3954
22	20	T	151
22	9	A	2118
22	9	T	2174
22	7	G	1013
22	10	A	1380
22	25	T	128
22	14	T	439
22	19	A	173
22	11	T	938
22	15	T	370
22	13	T	569
22	16	T	361
22	12	T	589
22	20	A	153
22	22	A	119
22	11	A	817
22	14	A	419
22	23	A	112
22	15	A	402
22	13	A	501
22	21	A	147
22	21	T	148
22	9	G	48
22	12	G	14
22	16	A	348
22	19	T	194
22	12	A	584
22	33	T	12
22	7	C	1124
22	15	G	2
22	10	G	28
22	8	C	301
22	25	A	77
22	18	A	221
22	27	A	42
22	17	A	281
22	17	T	335
22	23	T	134
22	32	A	14
22	28	A	41
22	26	T	85
22	28	T	51
22	14	G	3
22	18	T	219
22	24	T	104
22	37	A	7
22	29	T	77
22	22	T	159
22	42	T	3
22	10	C	27
22	11	G	65
22	15	C	56
22	31	T	33
22	12	C	105
22	13	G	20
22	9	C	167
22	11	C	33
22	13	C	5
22	14	C	4
22	18	C	2
22	30	T	27
22	24	A	72
22	38	A	7
22	35	A	8
22	46	T	1
22	27	T	48
22	36	T	8
22	26	A	63
22	38	T	12
22	32	T	15
22	48	T	3
22	30	A	18
22	16	C	1
22	36	A	6
22	19	C	2
22	39	T	5
22	47	T	3
22	29	A	30
22	42	A	1
22	37	T	5
22	34	T	7
22	44	A	2
22	40	A	3
22	50	T	1
22	33	A	6
22	31	A	14
22	43	A	2
22	47	A	1
22	39	A	5
22	54	T	1
22	60	A	1
22	41	T	3
22	35	T	7
22	18	G	1
22	34	A	4
22	16	G	1
22	17	C	1
22	22	C	1
22	20	C	1
22	54	A	1
23	2	T	1631835
23	3	A	634047
23	3	C	499076
23	2	A	1681760
23	2	C	1727806
23	4	C	129377
23	5	C	33366
23	2	G	1790045
23	3	T	572398
23	4	T	183063
23	5	T	81907
23	4	G	138390
23	4	A	200981
23	3	G	479152
23	6	T	20642
23	5	A	84763
23	6	A	23295
23	7	A	8857
23	8	G	245
23	6	G	6620
23	8	A	3431
23	10	T	1414
23	5	G	36526
23	6	C	6666
23	7	T	8488
23	8	T	3346
23	20	T	299
23	10	A	1421
23	11	G	23
23	9	A	1969
23	9	T	2040
23	22	T	242
23	14	T	703
23	21	A	227
23	11	T	968
23	13	T	705
23	7	G	1122
23	15	T	562
23	24	T	182
23	11	A	905
23	15	A	611
23	13	A	683
23	16	A	541
23	14	A	687
23	12	T	720
23	22	A	226
23	17	A	477
23	23	T	184
23	19	T	310
23	21	T	244
23	30	T	57
23	7	C	1083
23	10	G	60
23	9	G	71
23	8	C	299
23	10	C	43
23	23	A	181
23	12	A	789
23	17	T	486
23	16	T	558
23	18	T	386
23	25	T	120
23	12	G	12
23	27	A	78
23	20	A	292
23	19	A	324
23	18	A	359
23	25	A	102
23	15	G	4
23	33	T	8
23	50	T	2
23	26	T	99
23	11	C	46
23	15	C	21
23	13	C	32
23	14	C	8
23	12	C	18
23	9	C	70
23	38	T	7
23	47	T	2
23	26	A	81
23	45	T	1
23	37	T	7
23	29	T	45
23	42	A	3
23	28	A	57
23	35	T	7
23	27	T	76
23	31	A	25
23	56	T	1
23	29	A	46
23	39	T	3
23	40	A	4
23	42	T	4
23	30	A	35
23	28	T	44
23	24	A	135
23	31	T	20
23	44	T	4
23	35	A	3
23	32	T	11
23	34	T	7
23	32	A	18
23	34	A	8
23	17	C	2
23	41	T	4
23	23	C	1
23	38	A	5
23	41	A	2
23	39	A	5
23	14	G	5
23	13	G	7
23	36	A	9
23	16	C	4
23	37	A	6
23	19	C	1
23	40	T	7
23	36	T	4
23	46	A	1
23	33	A	9
23	22	C	2
23	17	G	3
23	47	A	1
23	18	C	3
23	43	A	1
23	44	A	3
23	45	A	1
23	27	G	1
23	50	A	1
24	2	A	5787740
24	2	C	4262152
24	3	C	1075768
24	3	A	2325194
24	4	C	255479
24	2	G	4221741
24	3	G	1076313
24	2	T	5810514
24	4	A	888744
24	4	G	252142
24	3	T	2315512
24	6	G	12537
24	6	T	104268
24	4	T	881442
24	7	A	41396
24	5	A	332610
24	5	T	336954
24	5	C	57449
24	8	A	14817
24	6	C	12153
24	5	G	58713
24	10	T	5312
24	18	T	826
24	19	T	670
24	10	A	5073
24	6	A	102404
24	19	A	674
24	7	C	1777
24	7	G	1902
24	9	T	8351
24	15	A	1523
24	12	T	2279
24	18	A	835
24	8	T	14913
24	11	T	3104
24	13	A	2005
24	8	G	420
24	9	A	8336
24	25	A	296
24	14	A	1665
24	20	T	563
24	7	T	42062
24	13	T	2077
24	23	T	400
24	16	A	1325
24	14	T	1796
24	21	A	489
24	11	C	76
24	15	T	1578
24	21	T	515
24	20	A	595
24	22	A	465
24	17	A	1026
24	8	C	429
24	13	G	22
24	11	G	67
24	9	G	177
24	10	G	129
24	12	A	2233
24	11	A	2980
24	22	T	456
24	33	A	24
24	24	T	309
24	23	A	369
24	10	C	94
24	29	T	105
24	17	T	1022
24	28	T	144
24	16	T	1340
24	25	T	243
24	27	T	189
24	12	G	30
24	24	A	351
24	42	A	8
24	31	A	59
24	30	T	86
24	27	A	184
24	26	T	212
24	26	A	241
24	32	T	41
24	28	A	153
24	9	C	172
24	29	A	111
24	30	A	91
24	12	C	33
24	42	T	12
24	57	T	2
24	17	C	5
24	35	T	20
24	37	T	19
24	41	A	13
24	32	A	48
24	38	T	14
24	14	G	13
24	35	A	26
24	37	A	20
24	38	A	16
24	46	T	3
24	36	A	17
24	33	T	27
24	39	A	23
24	31	T	47
24	34	A	15
24	36	T	15
24	13	C	29
24	16	C	6
24	49	A	3
24	44	A	2
24	40	T	15
24	50	A	2
24	14	C	9
24	52	A	1
24	47	A	5
24	19	G	5
24	52	T	1
24	47	T	3
24	39	T	13
24	40	A	13
24	48	A	6
24	43	A	8
24	20	C	2
24	43	T	4
24	41	T	11
24	51	A	2
24	45	T	1
24	44	T	7
24	34	T	20
24	15	C	7
24	46	A	3
24	15	G	5
24	23	G	1
24	45	A	4
24	53	A	1
24	16	G	1
24	19	C	3
24	72	T	1
24	22	C	1
24	21	C	2
24	49	T	3
24	21	G	2
24	57	A	1
24	48	T	3
24	30	C	1
24	50	T	3
24	62	T	1
24	59	A	1
24	59	T	1
24	54	A	2
24	51	T	2
24	61	T	1
24	55	T	1
24	18	G	1
25	3	T	140
25	2	T	566
25	2	C	747
25	3	A	230
25	2	A	738
25	4	A	69
25	3	G	46
25	4	C	99
25	2	G	297
25	3	C	244
25	5	C	45
25	4	T	36
25	6	A	12
25	5	A	24
25	7	A	6
25	4	G	8
25	6	C	11
25	6	T	3
25	5	T	7
25	5	G	2
25	7	T	1
25	8	A	1
25	6	G	1
25	7	C	1
