1	3	C	1894220
1	3	A	3491307
1	2	A	10103113
1	4	C	463780
1	6	C	21242
1	2	T	8858313
1	5	C	112993
1	2	G	7937292
1	2	C	7108355
1	6	G	21827
1	3	G	1878385
1	5	G	110953
1	4	A	1208419
1	3	T	3282486
1	4	G	468645
1	4	T	1197423
1	5	A	466756
1	5	T	463934
1	7	A	71633
1	6	A	140234
1	6	T	139913
1	12	T	4101
1	8	A	21757
1	7	T	59136
1	9	T	12379
1	14	A	3253
1	8	T	21558
1	16	T	2497
1	11	A	5059
1	17	A	1981
1	8	G	645
1	18	A	1640
1	7	G	3712
1	10	A	8069
1	10	T	8174
1	15	T	2845
1	19	T	1418
1	11	T	5262
1	15	A	2966
1	14	T	3205
1	16	A	2424
1	9	A	12400
1	7	C	3119
1	8	C	634
1	45	A	11
1	17	T	2061
1	29	T	217
1	13	A	3649
1	12	A	4020
1	20	A	1173
1	37	T	40
1	13	T	3627
1	21	T	1044
1	25	A	574
1	9	G	236
1	11	C	82
1	10	C	152
1	22	T	957
1	24	T	710
1	20	T	1158
1	14	G	30
1	13	C	44
1	12	G	46
1	10	G	125
1	11	G	95
1	35	A	44
1	21	A	1024
1	31	A	110
1	9	C	234
1	18	T	1576
1	23	A	818
1	16	C	11
1	30	A	132
1	18	G	7
1	15	G	14
1	40	T	19
1	22	A	960
1	24	A	702
1	19	A	1360
1	25	T	584
1	34	T	35
1	27	A	354
1	38	A	33
1	15	C	10
1	28	A	286
1	52	A	2
1	29	A	230
1	23	T	818
1	33	A	59
1	26	A	458
1	26	T	468
1	32	T	68
1	27	T	337
1	30	T	163
1	13	G	22
1	45	T	5
1	16	G	11
1	28	T	263
1	18	C	6
1	31	T	121
1	12	C	70
1	32	A	70
1	54	A	1
1	33	T	68
1	20	C	4
1	41	A	12
1	17	C	7
1	14	C	22
1	23	C	2
1	38	T	30
1	19	G	3
1	17	G	6
1	49	T	3
1	37	A	34
1	49	A	6
1	40	A	28
1	42	T	17
1	41	T	19
1	36	A	28
1	44	A	7
1	34	A	30
1	20	G	3
1	60	T	1
1	46	A	5
1	36	T	32
1	39	T	25
1	39	A	28
1	48	A	4
1	35	T	35
1	42	A	17
1	43	T	6
1	58	A	2
1	19	C	2
1	32	C	1
1	21	G	2
1	24	G	1
1	53	T	5
1	55	T	1
1	48	T	2
1	21	C	2
1	24	C	1
1	46	T	5
1	47	T	2
1	50	T	3
1	44	T	4
1	51	T	5
1	43	A	8
1	47	A	3
1	50	A	4
1	53	A	1
1	57	T	1
1	57	A	1
1	26	G	1
1	51	A	2
1	26	C	1
1	25	G	1
1	56	T	1
2	3	T	3568064
2	2	A	9007781
2	3	C	1768641
2	4	C	426870
2	2	C	6806940
2	5	C	98382
2	2	T	9010673
2	3	A	3529588
2	4	A	1353724
2	2	G	6887534
2	4	T	1364386
2	4	G	424498
2	3	G	1767007
2	5	G	98567
2	5	A	517469
2	6	T	157168
2	5	T	527358
2	8	A	23260
2	7	T	65110
2	14	T	3029
2	10	A	8404
2	8	T	23703
2	6	A	154965
2	7	A	64501
2	7	G	2864
2	6	G	19353
2	6	C	19473
2	10	T	8443
2	15	A	2616
2	9	A	13097
2	7	C	3019
2	15	T	2587
2	9	T	13125
2	19	A	1263
2	10	C	143
2	14	A	3033
2	11	T	5074
2	16	T	2239
2	17	A	1786
2	16	A	2258
2	11	A	5029
2	24	A	613
2	25	T	515
2	13	A	3380
2	12	T	3991
2	18	T	1477
2	8	G	605
2	21	A	966
2	13	T	3368
2	12	A	4011
2	24	T	612
2	9	C	235
2	19	T	1261
2	17	T	1797
2	12	C	49
2	25	A	527
2	27	T	316
2	22	A	790
2	20	T	1045
2	10	G	123
2	20	A	1015
2	26	A	400
2	23	T	758
2	13	C	29
2	21	T	869
2	38	T	36
2	8	C	577
2	22	T	826
2	28	T	267
2	23	A	727
2	18	A	1434
2	11	C	84
2	16	G	7
2	35	A	35
2	28	A	268
2	29	A	218
2	30	A	126
2	27	A	326
2	9	G	216
2	31	T	84
2	26	T	445
2	23	C	1
2	40	T	22
2	42	T	14
2	13	G	27
2	55	T	1
2	32	T	67
2	12	G	48
2	33	A	58
2	34	T	43
2	29	T	210
2	11	G	81
2	31	A	102
2	38	A	36
2	30	T	155
2	44	T	8
2	37	A	33
2	32	A	69
2	54	T	2
2	35	T	39
2	17	C	9
2	14	C	33
2	36	A	29
2	15	C	10
2	39	T	31
2	41	T	20
2	51	T	3
2	39	A	32
2	49	T	4
2	41	A	21
2	40	A	22
2	14	G	22
2	34	A	29
2	19	C	3
2	36	T	29
2	42	A	11
2	48	A	7
2	43	T	12
2	33	T	51
2	37	T	36
2	51	A	4
2	18	G	2
2	18	C	3
2	47	A	6
2	52	T	3
2	64	T	2
2	16	C	11
2	21	C	3
2	46	T	4
2	48	T	3
2	52	A	1
2	17	G	4
2	45	T	5
2	46	A	9
2	44	A	11
2	45	A	4
2	23	G	1
2	43	A	14
2	58	A	2
2	50	T	4
2	50	A	4
2	25	G	1
2	15	G	6
2	20	G	2
2	19	G	3
2	47	T	4
2	24	C	1
2	49	A	3
2	54	A	2
2	20	C	2
2	56	A	2
2	21	G	2
2	73	A	1
2	62	A	1
2	26	C	1
2	22	G	1
3	2	A	7486667
3	3	C	1419928
3	4	C	334379
3	5	C	75756
3	2	G	5509382
3	2	C	5515500
3	3	T	2948100
3	2	T	7537641
3	3	G	1397599
3	4	T	1146624
3	6	G	14726
3	4	A	1184926
3	5	A	434328
3	3	A	3090954
3	4	G	329894
3	6	A	137892
3	11	A	4164
3	6	T	132228
3	5	T	430195
3	16	A	1820
3	7	A	54693
3	5	G	75038
3	7	T	54239
3	9	T	11112
3	12	A	3170
3	9	A	10913
3	8	T	19420
3	8	A	19498
3	11	T	4161
3	16	T	1814
3	25	A	417
3	14	T	2489
3	7	G	2160
3	17	T	1445
3	10	T	6936
3	14	A	2335
3	10	A	6994
3	26	A	317
3	13	A	2773
3	6	C	14467
3	7	C	2318
3	27	A	253
3	11	C	54
3	15	A	2150
3	12	T	3225
3	8	G	388
3	15	T	2125
3	20	T	822
3	13	T	2734
3	18	T	1252
3	18	A	1157
3	21	T	802
3	19	A	979
3	27	T	231
3	23	A	600
3	9	G	180
3	17	A	1425
3	24	T	490
3	10	G	100
3	8	C	486
3	24	A	522
3	10	C	93
3	23	T	649
3	22	A	596
3	28	T	234
3	28	A	218
3	21	A	746
3	26	T	355
3	31	A	104
3	22	T	680
3	20	A	803
3	25	T	429
3	41	T	19
3	34	A	33
3	35	T	31
3	9	C	183
3	19	T	950
3	36	T	27
3	30	A	118
3	29	T	149
3	31	T	83
3	12	C	41
3	39	A	25
3	33	A	61
3	30	T	132
3	32	A	57
3	37	A	33
3	15	C	10
3	13	G	21
3	16	G	5
3	16	C	4
3	38	A	27
3	29	A	153
3	33	T	58
3	36	A	39
3	11	G	53
3	13	C	19
3	34	T	24
3	12	G	36
3	35	A	26
3	47	T	5
3	32	T	60
3	14	C	18
3	49	A	4
3	40	T	28
3	14	G	13
3	45	T	9
3	52	A	4
3	37	T	23
3	39	T	26
3	51	T	5
3	40	A	16
3	43	T	9
3	42	T	20
3	22	C	1
3	44	T	7
3	18	C	2
3	53	T	3
3	44	A	10
3	41	A	13
3	48	A	2
3	47	A	5
3	45	A	6
3	43	A	7
3	38	T	21
3	18	G	3
3	53	A	1
3	49	T	3
3	48	T	7
3	17	C	3
3	54	A	3
3	20	G	2
3	68	A	1
3	15	G	9
3	42	A	9
3	24	C	1
3	51	A	2
3	57	T	1
3	46	A	10
3	50	T	2
3	17	G	2
3	55	T	2
3	56	T	1
3	46	T	3
3	19	C	1
3	23	G	1
3	50	A	2
3	21	C	1
3	59	A	1
3	24	G	1
3	52	T	2
3	54	T	1
3	31	C	1
3	26	G	1
3	22	G	1
3	32	G	1
3	63	T	1
4	3	G	1253551
4	2	A	7433208
4	3	C	1216968
4	3	A	2991441
4	2	C	5008977
4	4	C	277151
4	5	C	62474
4	2	T	7437750
4	4	A	1174982
4	2	G	5057037
4	3	T	3105098
4	6	C	12511
4	4	G	279463
4	7	A	55148
4	5	A	445572
4	6	G	12135
4	5	G	61822
4	8	A	19203
4	4	T	1227055
4	5	T	440789
4	6	T	134837
4	6	A	133574
4	9	A	10932
4	9	G	135
4	10	T	6705
4	7	T	54596
4	8	T	19441
4	19	T	784
4	12	A	2827
4	13	G	18
4	10	A	6779
4	9	T	10758
4	22	T	533
4	14	T	2030
4	22	A	552
4	11	T	3833
4	13	T	2385
4	7	G	1746
4	28	T	179
4	26	A	296
4	23	T	455
4	29	T	124
4	7	C	1812
4	11	A	3818
4	15	T	1808
4	12	T	2745
4	18	T	938
4	13	A	2392
4	17	A	1214
4	19	A	767
4	23	A	491
4	17	T	1223
4	27	T	240
4	20	T	680
4	15	A	1723
4	25	A	342
4	16	A	1525
4	21	T	613
4	16	T	1529
4	19	G	2
4	14	A	2118
4	28	A	170
4	24	A	450
4	20	A	714
4	10	C	94
4	35	A	24
4	21	A	573
4	8	C	363
4	26	T	262
4	8	G	337
4	33	A	38
4	12	G	32
4	25	T	358
4	18	A	1019
4	34	T	25
4	24	T	438
4	31	A	81
4	9	C	126
4	13	C	29
4	30	T	105
4	30	A	109
4	10	G	80
4	29	A	150
4	14	G	12
4	11	G	49
4	11	C	38
4	27	A	198
4	31	T	64
4	15	G	8
4	36	A	38
4	22	G	2
4	29	C	1
4	32	A	45
4	12	C	35
4	32	T	53
4	37	T	20
4	21	C	1
4	39	T	18
4	33	T	30
4	41	A	16
4	17	G	1
4	40	A	19
4	43	T	7
4	46	A	9
4	49	A	3
4	34	A	26
4	41	T	12
4	37	A	22
4	35	T	28
4	16	G	3
4	36	T	22
4	48	A	5
4	38	T	16
4	19	C	3
4	39	A	21
4	38	A	25
4	58	A	2
4	42	T	11
4	23	C	2
4	14	C	17
4	50	T	6
4	27	G	1
4	55	T	1
4	49	T	5
4	47	A	4
4	40	T	20
4	42	A	13
4	44	A	11
4	57	A	1
4	47	T	6
4	20	G	1
4	48	T	5
4	44	T	2
4	50	A	2
4	54	A	3
4	29	G	1
4	46	T	4
4	52	T	4
4	54	T	1
4	17	C	3
4	51	T	5
4	51	A	2
4	45	A	5
4	60	A	1
4	15	C	5
4	16	C	5
4	18	C	1
4	43	A	3
4	45	T	2
4	52	A	2
4	30	G	1
4	57	T	1
4	53	T	1
4	62	A	1
4	86	A	1
4	56	T	1
4	18	G	1
4	32	G	1
5	2	T	6927538
5	2	A	6838174
5	3	C	1259121
5	2	C	5011661
5	4	C	294800
5	3	A	2722487
5	2	G	4991154
5	4	T	1050819
5	3	G	1260771
5	3	T	2763275
5	4	G	295010
5	5	A	398726
5	5	C	66949
5	5	G	66643
5	4	A	1043021
5	5	T	401724
5	6	A	119022
5	6	T	120086
5	12	T	2849
5	9	A	9782
5	7	T	55338
5	7	A	49087
5	8	T	17627
5	9	T	9820
5	6	G	13505
5	8	A	17577
5	10	A	6273
5	14	A	2094
5	6	C	13573
5	7	C	1953
5	19	T	853
5	17	A	1254
5	37	A	14
5	15	T	1848
5	11	T	3744
5	7	G	1937
5	8	C	381
5	8	G	384
5	9	C	165
5	29	T	177
5	12	A	2803
5	10	T	6204
5	24	A	464
5	11	A	3622
5	16	A	1548
5	22	A	576
5	13	A	2404
5	21	T	591
5	20	T	725
5	16	T	1629
5	14	T	2159
5	19	A	851
5	25	A	424
5	17	T	1282
5	13	T	2425
5	22	T	600
5	21	A	604
5	11	G	47
5	15	A	1895
5	23	T	496
5	31	T	95
5	9	G	139
5	40	T	12
5	18	A	983
5	12	G	26
5	10	G	91
5	18	T	962
5	40	A	11
5	13	C	18
5	23	A	548
5	20	A	710
5	10	C	79
5	26	A	300
5	12	C	26
5	13	G	22
5	14	G	14
5	27	A	234
5	31	A	77
5	28	A	191
5	25	T	388
5	24	T	471
5	42	T	9
5	15	G	6
5	27	T	222
5	26	T	302
5	30	A	115
5	28	T	204
5	64	A	1
5	17	C	3
5	14	C	8
5	11	C	62
5	32	A	51
5	30	T	107
5	37	T	27
5	33	A	42
5	54	A	2
5	29	A	139
5	34	A	26
5	34	T	23
5	35	A	19
5	45	T	8
5	32	T	51
5	36	T	24
5	39	T	20
5	46	A	5
5	35	T	26
5	33	T	39
5	41	A	9
5	15	C	5
5	29	G	1
5	36	A	17
5	43	A	8
5	47	T	5
5	39	A	13
5	47	A	11
5	41	T	14
5	38	T	19
5	44	T	4
5	38	A	28
5	52	T	4
5	50	T	3
5	56	T	2
5	57	T	1
5	45	A	2
5	16	C	3
5	50	A	3
5	46	T	6
5	20	C	1
5	42	A	8
5	24	G	1
5	43	T	2
5	23	C	1
5	53	T	1
5	52	A	2
5	49	A	1
5	54	T	3
5	18	C	3
5	49	T	3
5	48	A	3
5	17	G	3
5	25	G	1
5	51	T	3
5	44	A	3
5	16	G	5
5	56	A	1
5	57	A	1
5	62	A	1
5	19	C	2
5	53	A	1
5	55	A	2
5	48	T	2
5	77	A	1
5	21	G	1
6	2	C	4738860
6	2	A	6463717
6	3	C	1200242
6	4	C	280031
6	2	T	6462979
6	3	G	1203494
6	3	A	2573609
6	2	G	4756238
6	4	T	1002721
6	5	C	64127
6	5	T	380170
6	5	G	64957
6	4	G	280791
6	4	A	995951
6	6	C	12792
6	5	A	374551
6	3	T	2600451
6	6	A	114035
6	12	A	2713
6	6	T	114278
6	8	A	16803
6	7	A	47133
6	7	T	47786
6	18	T	1001
6	6	G	12864
6	11	A	3636
6	10	A	6123
6	9	A	9495
6	14	A	2120
6	13	T	2225
6	15	A	1805
6	18	A	981
6	16	A	1544
6	13	A	2394
6	21	A	629
6	11	T	3549
6	24	A	423
6	9	T	9411
6	12	T	2752
6	8	T	16777
6	15	T	1842
6	7	G	1923
6	10	T	6040
6	20	T	719
6	16	T	1536
6	17	A	1200
6	14	T	2116
6	17	T	1256
6	26	T	290
6	8	C	394
6	21	T	647
6	11	G	65
6	12	G	37
6	39	T	18
6	7	C	2008
6	27	A	233
6	11	C	77
6	9	G	140
6	19	T	889
6	22	A	596
6	31	T	72
6	13	G	12
6	13	C	22
6	9	C	156
6	23	T	539
6	10	C	91
6	19	A	859
6	23	A	515
6	22	T	522
6	38	A	19
6	24	T	445
6	28	T	194
6	20	A	716
6	29	T	162
6	25	A	358
6	32	A	42
6	26	A	272
6	34	A	25
6	25	T	338
6	8	G	414
6	43	T	8
6	14	C	15
6	27	T	195
6	30	A	100
6	51	A	7
6	15	C	7
6	33	T	46
6	10	G	93
6	37	T	21
6	12	C	32
6	37	A	20
6	36	A	25
6	39	A	19
6	28	A	172
6	29	A	140
6	14	G	17
6	41	T	12
6	44	T	7
6	53	A	1
6	38	T	21
6	31	A	81
6	35	A	22
6	32	T	61
6	35	T	25
6	36	T	18
6	30	T	119
6	48	T	2
6	40	A	16
6	42	A	10
6	40	T	16
6	15	G	5
6	45	T	7
6	34	T	26
6	33	A	35
6	18	C	2
6	42	T	7
6	21	G	1
6	45	A	5
6	19	G	2
6	48	A	1
6	26	G	2
6	49	T	4
6	41	A	9
6	44	A	5
6	51	T	3
6	16	C	2
6	46	A	3
6	46	T	3
6	47	T	4
6	18	G	1
6	49	A	6
6	47	A	7
6	58	A	1
6	22	C	1
6	16	G	7
6	17	C	1
6	43	A	3
6	20	C	1
6	56	A	2
6	24	C	1
6	54	T	3
6	52	T	3
6	53	T	1
6	56	T	3
6	55	A	2
6	52	A	1
6	50	T	1
6	17	G	2
6	20	G	1
6	19	C	1
6	59	T	1
6	24	G	1
6	22	G	1
7	2	T	5887991
7	2	C	4623434
7	2	A	5852041
7	3	C	1196509
7	4	C	283916
7	3	A	2303401
7	4	A	871448
7	3	T	2369313
7	3	G	1193260
7	2	G	4616608
7	4	T	877565
7	5	C	66135
7	6	C	13581
7	4	G	285915
7	5	G	66885
7	5	A	341657
7	5	T	344485
7	6	A	102252
7	10	A	5585
7	7	T	42783
7	9	A	8752
7	6	T	106139
7	8	A	15248
7	7	A	42430
7	6	G	13446
7	11	T	3637
7	9	T	8840
7	20	A	783
7	15	A	1878
7	16	T	1704
7	17	T	1327
7	8	T	15634
7	10	T	5855
7	26	T	290
7	13	A	2481
7	19	A	904
7	17	A	1317
7	11	A	3445
7	14	T	2181
7	18	A	1085
7	15	T	1911
7	37	T	21
7	14	A	2182
7	12	T	2812
7	22	A	614
7	23	A	541
7	28	A	199
7	12	A	2696
7	10	C	90
7	7	G	2270
7	7	C	2035
7	22	T	594
7	13	T	2431
7	8	C	415
7	12	G	37
7	8	G	495
7	17	G	3
7	16	A	1614
7	12	C	28
7	20	T	761
7	21	T	688
7	24	A	407
7	11	C	68
7	9	G	154
7	29	A	160
7	22	C	2
7	35	A	26
7	13	C	19
7	21	A	661
7	19	T	918
7	27	A	247
7	18	T	1047
7	30	T	117
7	39	A	16
7	25	A	361
7	23	T	571
7	26	A	312
7	11	G	76
7	30	A	110
7	9	C	159
7	27	T	269
7	24	T	442
7	15	C	10
7	10	G	86
7	25	T	418
7	13	G	24
7	16	C	7
7	16	G	6
7	18	G	5
7	14	G	16
7	31	A	73
7	38	T	27
7	29	T	174
7	37	A	23
7	43	A	6
7	38	A	22
7	15	G	11
7	39	T	16
7	32	T	53
7	34	A	34
7	14	C	19
7	33	A	30
7	48	T	4
7	31	T	94
7	41	A	17
7	41	T	20
7	33	T	36
7	28	T	195
7	40	T	13
7	42	A	11
7	44	T	8
7	34	T	30
7	45	T	2
7	18	C	5
7	35	T	28
7	36	A	21
7	32	A	57
7	36	T	22
7	51	T	1
7	46	T	4
7	49	T	4
7	50	A	1
7	40	A	15
7	52	T	2
7	54	T	3
7	43	T	9
7	45	A	6
7	50	T	4
7	54	A	1
7	49	A	6
7	55	A	3
7	19	C	1
7	44	A	3
7	42	T	5
7	20	C	1
7	19	G	1
7	53	A	2
7	46	A	4
7	56	A	1
7	47	A	4
7	34	C	1
7	20	G	1
7	48	G	1
7	47	T	4
7	39	C	1
7	17	C	2
7	55	T	1
7	27	G	1
7	53	T	1
7	56	T	1
8	2	A	5436060
8	4	C	253179
8	3	C	1056398
8	3	A	2138072
8	2	C	4089867
8	2	T	5421771
8	4	A	815902
8	3	G	1063281
8	4	T	816320
8	2	G	4129746
8	3	T	2158548
8	4	G	253719
8	5	C	58751
8	5	G	58318
8	5	T	311006
8	5	A	313423
8	6	A	93103
8	11	A	2953
8	7	T	39106
8	7	A	37854
8	6	T	92831
8	22	T	505
8	8	A	13632
8	16	T	1231
8	18	A	773
8	9	A	7861
8	17	A	1031
8	10	A	4982
8	12	A	2090
8	13	A	1910
8	13	T	2054
8	21	A	545
8	12	T	2196
8	30	A	93
8	6	G	11432
8	6	C	11350
8	8	T	13735
8	10	T	4985
8	22	A	468
8	7	G	1663
8	8	C	280
8	24	T	385
8	19	A	706
8	9	G	117
8	8	G	291
8	9	T	7881
8	16	A	1277
8	24	A	363
8	14	A	1660
8	11	T	2950
8	18	T	845
8	14	T	1655
8	40	T	22
8	17	T	1014
8	19	T	697
8	40	A	17
8	25	T	300
8	15	T	1484
8	26	A	219
8	7	C	1721
8	27	T	186
8	23	T	444
8	23	A	433
8	15	A	1486
8	42	A	14
8	20	A	610
8	30	T	76
8	34	T	22
8	20	T	627
8	36	A	11
8	21	T	519
8	10	C	67
8	9	C	118
8	25	A	291
8	29	A	125
8	37	A	14
8	32	A	42
8	31	A	62
8	28	A	156
8	26	T	235
8	28	T	145
8	29	T	125
8	16	G	11
8	10	G	73
8	27	A	209
8	36	T	23
8	12	G	36
8	37	T	16
8	12	C	31
8	48	T	5
8	33	A	32
8	34	A	25
8	45	T	4
8	31	T	74
8	32	T	41
8	13	G	10
8	39	A	21
8	43	A	6
8	41	A	15
8	49	T	5
8	38	T	20
8	41	T	12
8	35	T	25
8	44	A	4
8	15	C	7
8	61	T	1
8	11	G	42
8	38	A	16
8	13	C	15
8	50	A	2
8	11	C	49
8	33	T	21
8	35	A	21
8	53	A	2
8	51	A	4
8	39	T	18
8	16	C	9
8	46	T	4
8	14	G	15
8	20	C	1
8	46	A	3
8	47	T	9
8	17	C	5
8	19	C	2
8	48	A	5
8	42	T	12
8	44	T	6
8	50	T	4
8	43	T	5
8	51	T	4
8	14	C	9
8	53	T	2
8	17	G	3
8	47	A	4
8	15	G	6
8	54	T	4
8	18	C	3
8	22	G	2
8	29	G	1
8	54	A	1
8	59	A	1
8	24	C	1
8	25	G	1
8	21	C	1
8	49	A	1
8	55	A	3
8	57	A	1
8	45	A	1
8	19	G	1
8	18	G	1
8	30	G	1
8	56	T	1
8	52	A	1
8	21	G	2
8	20	G	1
8	58	T	1
9	2	G	5510226
9	2	A	6905979
9	3	C	1086454
9	2	C	5436542
9	4	C	266172
9	3	A	1854380
9	2	T	6868957
9	4	A	654855
9	5	C	57275
9	3	G	1084887
9	4	T	659828
9	3	T	1882232
9	4	G	266966
9	5	G	56162
9	25	G	1
9	5	T	257275
9	7	T	31213
9	6	C	11368
9	6	G	11194
9	5	A	257595
9	6	T	74938
9	7	G	1918
9	6	A	75167
9	7	A	31335
9	8	A	11153
9	16	T	1269
9	14	A	1612
9	15	A	1406
9	9	T	6498
9	12	T	2005
9	13	A	1811
9	10	T	4123
9	23	T	397
9	11	T	2605
9	18	A	803
9	9	A	6505
9	12	A	2016
9	14	T	1551
9	13	T	1858
9	15	T	1376
9	10	A	4216
9	24	T	329
9	7	C	1748
9	11	A	2603
9	27	T	179
9	8	T	11323
9	8	G	391
9	17	A	1032
9	26	A	220
9	18	T	844
9	16	A	1249
9	19	T	688
9	21	T	485
9	21	A	568
9	17	T	1010
9	20	A	586
9	39	A	10
9	24	A	357
9	29	A	129
9	26	T	238
9	22	T	470
9	25	T	273
9	19	A	685
9	29	T	108
9	9	G	149
9	33	T	25
9	20	T	608
9	28	T	148
9	25	A	290
9	10	C	77
9	30	T	81
9	23	A	390
9	8	C	354
9	31	A	63
9	30	A	80
9	38	A	23
9	44	T	4
9	27	A	170
9	14	C	12
9	37	T	22
9	9	C	128
9	12	C	22
9	31	T	54
9	28	A	129
9	22	A	449
9	37	A	20
9	36	A	12
9	32	A	39
9	38	T	19
9	34	T	20
9	13	G	22
9	44	A	5
9	10	G	72
9	57	A	1
9	12	G	23
9	50	A	5
9	32	T	38
9	16	C	5
9	13	C	17
9	39	T	11
9	40	T	13
9	40	A	13
9	33	A	33
9	42	A	4
9	18	C	3
9	54	T	2
9	36	T	11
9	53	A	2
9	11	G	42
9	35	T	15
9	35	A	21
9	51	T	2
9	53	T	2
9	48	T	6
9	14	G	11
9	16	G	5
9	47	A	4
9	17	C	7
9	45	A	7
9	43	A	5
9	43	T	5
9	11	C	28
9	20	G	1
9	34	A	22
9	52	T	3
9	18	G	4
9	41	A	13
9	50	T	2
9	42	T	8
9	56	T	1
9	15	G	11
9	41	T	11
9	51	A	2
9	45	T	6
9	17	G	2
9	73	T	1
9	46	A	2
9	21	C	1
9	21	G	1
9	48	A	2
9	19	C	1
9	49	A	2
9	47	T	3
9	46	T	2
9	52	A	2
9	55	A	1
9	24	C	1
9	23	C	1
9	15	C	1
9	25	C	1
10	2	G	4032769
10	2	A	4922301
10	3	C	1048609
10	2	C	3954881
10	2	T	4861322
10	4	C	260666
10	3	A	1878728
10	5	C	60973
10	4	A	698737
10	4	G	256582
10	3	G	1055197
10	4	T	700788
10	5	G	60271
10	3	T	1918142
10	5	A	271481
10	8	A	12297
10	6	C	11903
10	5	T	271935
10	6	T	83440
10	7	A	33679
10	15	T	1578
10	6	A	80391
10	9	A	7015
10	11	A	2851
10	26	A	272
10	8	T	12392
10	16	A	1409
10	12	A	2237
10	6	G	12025
10	7	T	33963
10	10	T	4666
10	9	T	7281
10	12	T	2252
10	21	A	533
10	13	A	2002
10	18	T	880
10	18	A	879
10	22	A	516
10	21	T	603
10	8	C	384
10	10	A	4679
10	22	T	532
10	10	G	87
10	7	G	1900
10	7	C	1788
10	17	T	1076
10	24	T	388
10	14	A	1728
10	23	T	429
10	11	T	2945
10	14	T	1805
10	30	A	88
10	19	A	747
10	17	A	1128
10	24	A	397
10	25	A	316
10	9	C	160
10	16	T	1319
10	13	T	1954
10	19	T	737
10	15	C	10
10	15	A	1522
10	25	T	299
10	27	T	206
10	28	T	166
10	8	G	394
10	9	G	156
10	23	A	451
10	13	C	33
10	33	A	35
10	12	C	34
10	32	A	39
10	34	A	24
10	10	C	87
10	11	G	48
10	28	A	175
10	20	T	610
10	37	A	19
10	36	T	16
10	14	C	17
10	32	T	42
10	35	T	14
10	29	T	126
10	26	T	249
10	30	T	87
10	27	A	185
10	54	A	3
10	20	A	627
10	39	A	14
10	29	A	117
10	56	A	1
10	31	T	56
10	13	G	14
10	38	T	17
10	37	T	18
10	35	A	29
10	31	A	55
10	49	T	5
10	33	T	44
10	15	G	11
10	45	A	8
10	40	A	20
10	20	G	2
10	39	T	12
10	40	T	18
10	47	A	5
10	36	A	22
10	12	G	31
10	47	T	3
10	38	A	17
10	16	C	7
10	44	A	4
10	41	T	9
10	16	G	5
10	51	T	3
10	11	C	42
10	20	C	1
10	42	T	5
10	34	T	19
10	44	T	3
10	43	T	8
10	14	G	13
10	43	A	4
10	46	A	1
10	17	G	3
10	18	G	2
10	45	T	5
10	42	A	1
10	22	C	1
10	41	A	9
10	48	A	2
10	21	G	1
10	51	A	4
10	46	T	3
10	53	T	2
10	18	C	2
10	52	A	1
10	54	T	2
10	52	T	3
10	53	A	1
10	56	T	1
10	22	G	1
10	50	T	1
10	17	C	3
10	19	C	1
10	48	T	2
10	50	A	1
10	19	G	1
10	21	C	1
10	23	C	1
11	3	G	1071565
11	2	A	4879437
11	3	C	1058267
11	4	C	266541
11	3	A	1896828
11	2	C	3947460
11	5	C	63531
11	4	A	690684
11	2	T	4921719
11	2	G	4004438
11	4	G	267646
11	5	G	64557
11	8	G	373
11	15	G	6
11	3	T	1922170
11	4	T	686139
11	5	T	270950
11	7	T	32722
11	6	C	12600
11	6	G	12675
11	6	T	79742
11	5	A	272495
11	7	G	1971
11	6	A	79773
11	7	A	32827
11	8	A	11716
11	11	T	2668
11	14	A	1617
11	15	A	1468
11	8	T	11904
11	9	T	6915
11	22	T	438
11	10	A	4463
11	20	A	532
11	14	T	1584
11	13	A	1872
11	9	A	6861
11	24	T	314
11	12	T	2078
11	17	T	1002
11	18	A	789
11	10	T	4315
11	9	C	134
11	8	C	370
11	17	A	988
11	15	T	1470
11	20	T	565
11	11	A	2710
11	18	T	837
11	16	A	1235
11	13	T	1834
11	24	A	330
11	12	A	2075
11	19	A	683
11	28	T	139
11	19	T	671
11	7	C	1824
11	21	A	529
11	21	T	491
11	31	A	60
11	26	A	237
11	33	A	25
11	23	T	438
11	16	T	1227
11	26	T	220
11	11	C	55
11	9	G	132
11	12	G	37
11	11	G	48
11	10	G	72
11	25	T	315
11	25	A	301
11	31	T	55
11	22	A	463
11	29	T	96
11	10	C	74
11	23	A	403
11	33	T	20
11	12	C	27
11	27	T	181
11	39	T	14
11	36	T	16
11	29	A	103
11	34	A	13
11	30	A	83
11	14	C	8
11	28	A	131
11	36	A	14
11	48	T	4
11	27	A	167
11	46	A	6
11	19	C	1
11	37	A	21
11	30	T	78
11	39	A	14
11	32	T	41
11	17	C	3
11	43	A	8
11	35	A	26
11	40	T	16
11	56	A	1
11	42	A	8
11	34	T	18
11	13	C	21
11	35	T	15
11	32	A	41
11	38	A	13
11	41	A	13
11	47	A	4
11	42	T	3
11	18	G	6
11	37	T	15
11	13	G	20
11	46	T	6
11	50	A	3
11	38	T	14
11	14	G	8
11	16	G	4
11	18	C	3
11	54	A	2
11	45	T	3
11	15	C	6
11	40	A	12
11	49	T	1
11	44	T	6
11	17	G	4
11	16	C	5
11	24	G	1
11	58	T	2
11	53	T	1
11	53	A	2
11	55	T	2
11	41	T	11
11	44	A	2
11	51	A	3
11	21	G	1
11	43	T	1
11	48	A	4
11	51	T	1
11	47	T	7
11	19	G	1
11	54	T	1
11	59	T	1
11	49	A	3
11	22	C	2
11	52	T	1
11	45	A	1
12	2	G	3821435
12	3	C	1005076
12	2	A	4870052
12	2	C	3861986
12	4	C	239122
12	3	A	1954601
12	2	T	4875132
12	5	C	56318
12	3	G	1001107
12	4	T	717235
12	3	T	1906905
12	4	G	238528
12	5	G	56723
12	19	G	2
12	4	A	714922
12	5	T	282389
12	7	T	35648
12	6	C	11390
12	6	G	11301
12	5	A	281481
12	6	T	84719
12	7	G	1901
12	6	A	84280
12	7	A	35192
12	13	T	2049
12	13	A	2082
12	8	T	12965
12	9	T	7418
12	20	T	629
12	16	A	1476
12	12	T	2293
12	22	T	523
12	8	A	13229
12	20	A	693
12	10	A	4854
12	12	A	2388
12	14	A	1864
12	9	A	7432
12	7	C	1744
12	8	G	411
12	25	T	321
12	17	A	1173
12	11	A	3079
12	15	A	1686
12	15	T	1723
12	10	T	4831
12	8	C	335
12	9	C	134
12	14	T	1890
12	24	A	383
12	11	T	3075
12	16	T	1453
12	19	A	802
12	10	G	82
12	21	A	555
12	23	T	467
12	18	T	965
12	14	G	15
12	29	A	124
12	26	A	255
12	25	A	313
12	17	T	1171
12	34	A	19
12	18	A	933
12	16	G	5
12	23	A	497
12	19	T	797
12	42	T	3
12	21	T	633
12	22	A	533
12	11	G	54
12	32	T	52
12	26	T	272
12	10	C	74
12	28	A	169
12	30	A	96
12	28	T	167
12	24	T	429
12	33	T	31
12	27	T	223
12	27	A	208
12	37	A	19
12	50	A	2
12	30	T	99
12	12	C	32
12	31	T	63
12	29	T	117
12	34	T	24
12	13	G	26
12	39	T	20
12	33	A	34
12	9	G	174
12	11	C	52
12	46	A	7
12	31	A	66
12	14	C	9
12	52	A	4
12	41	A	8
12	20	C	2
12	54	T	2
12	32	A	45
12	12	G	23
12	39	A	12
12	57	T	1
12	38	A	12
12	38	T	18
12	36	A	23
12	15	G	8
12	15	C	9
12	18	G	3
12	56	T	1
12	41	T	12
12	45	A	4
12	42	A	12
12	36	T	18
12	35	A	23
12	35	T	21
12	37	T	17
12	20	G	1
12	57	A	1
12	43	T	5
12	49	T	4
12	51	T	3
12	40	A	13
12	13	C	15
12	24	G	1
12	19	C	3
12	47	T	3
12	40	T	8
12	48	A	2
12	44	T	1
12	50	T	1
12	44	A	5
12	46	T	5
12	17	G	1
12	17	C	2
12	52	T	3
12	54	A	1
12	45	T	4
12	51	A	2
12	30	G	1
12	16	C	2
12	23	G	1
12	43	A	3
12	21	G	1
12	47	A	2
12	18	C	1
12	55	T	1
12	48	T	1
12	22	G	1
13	2	G	2885641
13	4	C	182597
13	2	A	4050448
13	3	C	769442
13	3	A	1898177
13	2	C	3001680
13	6	A	82158
13	4	G	169621
13	3	G	711126
13	2	T	4265414
13	3	T	1663456
13	4	A	751918
13	5	A	241485
13	5	C	41475
13	4	T	659456
13	7	A	28966
13	8	A	10050
13	6	T	72755
13	5	T	242898
13	9	A	5776
13	7	T	29216
13	8	T	10429
13	9	T	5914
13	11	A	2054
13	8	C	647
13	5	G	40345
13	7	C	1806
13	6	G	8641
13	7	G	1607
13	12	T	1496
13	6	C	9163
13	10	T	3615
13	15	A	999
13	14	A	1137
13	17	A	645
13	12	A	1458
13	10	A	3486
13	13	T	1315
13	11	T	2141
13	13	A	1345
13	15	T	955
13	28	T	103
13	51	A	2
13	27	T	121
13	14	T	1140
13	26	T	132
13	18	T	606
13	11	G	28
13	18	A	539
13	22	T	297
13	16	T	848
13	8	G	293
13	17	T	729
13	41	T	15
13	21	A	299
13	30	T	52
13	16	A	843
13	20	T	383
13	19	T	526
13	23	T	365
13	24	T	365
13	9	G	73
13	12	C	92
13	10	G	192
13	9	C	161
13	15	C	76
13	21	T	324
13	12	G	26
13	14	C	10
13	11	C	34
13	13	C	13
13	13	G	13
13	47	T	2
13	15	G	6
13	52	T	2
13	25	T	187
13	16	C	2
13	34	T	20
13	28	A	96
13	34	A	14
13	37	T	11
13	29	T	72
13	19	A	417
13	39	A	6
13	52	A	1
13	30	A	66
13	27	A	116
13	24	A	245
13	10	C	71
13	23	A	254
13	36	A	8
13	39	T	15
13	22	A	299
13	48	A	2
13	29	A	76
13	33	T	17
13	16	G	3
13	25	A	205
13	20	A	350
13	40	T	4
13	32	A	28
13	47	A	2
13	26	A	141
13	38	T	16
13	44	T	1
13	31	A	38
13	42	A	5
13	35	A	15
13	32	T	23
13	40	A	7
13	33	A	18
13	56	T	1
13	30	G	1
13	36	T	12
13	38	A	13
13	51	T	1
13	31	T	43
13	55	T	2
13	46	T	3
13	43	A	5
13	42	T	2
13	35	T	13
13	41	A	5
13	43	T	3
13	48	T	2
13	53	T	2
13	17	C	4
13	25	G	1
13	37	A	8
13	45	A	4
13	56	A	1
13	19	G	2
13	22	C	3
13	49	T	1
13	50	T	1
13	54	A	1
13	14	G	6
13	17	G	1
13	46	A	3
13	50	A	1
13	49	A	2
13	57	T	1
13	18	G	1
13	23	C	1
13	44	A	1
13	55	A	1
14	2	T	3723680
14	2	A	3698373
14	3	C	759398
14	4	C	185028
14	2	G	2967124
14	2	C	2965404
14	4	A	528197
14	3	A	1448148
14	3	T	1446085
14	3	G	764462
14	5	G	45081
14	4	T	534306
14	4	G	191843
14	5	C	44340
14	6	C	8710
14	5	A	209866
14	7	T	25599
14	5	T	211841
14	8	T	9213
14	6	A	59769
14	6	G	8746
14	9	T	5358
14	6	T	61564
14	7	A	25195
14	18	A	599
14	11	A	1991
14	8	G	305
14	14	A	1256
14	8	A	8983
14	10	T	3409
14	10	A	3415
14	11	T	2240
14	23	A	319
14	15	A	1080
14	7	G	1389
14	12	T	1568
14	9	A	5292
14	12	A	1625
14	13	T	1410
14	21	A	344
14	16	A	935
14	16	T	928
14	14	T	1324
14	18	T	664
14	27	T	137
14	7	C	1366
14	10	G	69
14	9	G	111
14	8	C	353
14	26	A	161
14	10	C	51
14	13	A	1382
14	15	T	1112
14	40	A	11
14	20	A	441
14	25	T	237
14	19	T	536
14	17	T	792
14	21	T	362
14	24	T	273
14	17	A	750
14	22	T	357
14	23	T	295
14	35	T	19
14	33	T	34
14	22	A	348
14	31	T	55
14	19	A	502
14	20	T	403
14	11	C	47
14	9	C	106
14	13	G	25
14	16	C	19
14	44	T	15
14	14	C	23
14	15	C	9
14	41	T	11
14	13	C	13
14	12	C	37
14	42	T	6
14	24	A	241
14	29	T	76
14	12	G	22
14	28	A	136
14	31	A	37
14	25	A	222
14	44	A	3
14	33	A	31
14	28	T	123
14	49	T	2
14	26	T	171
14	39	T	18
14	30	A	68
14	32	A	16
14	41	A	6
14	11	G	24
14	34	T	15
14	27	A	149
14	32	T	35
14	30	T	46
14	35	A	17
14	36	A	12
14	38	A	15
14	17	G	4
14	29	A	86
14	36	T	12
14	43	T	7
14	34	A	13
14	39	A	12
14	16	G	3
14	18	C	2
14	38	T	11
14	37	T	11
14	37	A	20
14	15	G	7
14	55	A	1
14	47	T	3
14	42	A	4
14	40	T	6
14	49	A	2
14	51	A	2
14	14	G	5
14	43	A	8
14	20	G	3
14	54	A	3
14	19	G	2
14	58	T	1
14	50	A	2
14	45	A	2
14	48	A	1
14	45	T	3
14	47	A	1
14	21	C	1
14	46	A	2
14	17	C	4
14	22	G	1
14	27	C	1
14	46	T	1
14	48	T	2
14	22	C	1
14	19	C	1
14	52	A	1
14	20	C	1
15	2	A	3341876
15	3	C	772750
15	4	C	186808
15	2	C	3693489
15	2	T	4277716
15	3	A	1263298
15	5	C	45410
15	2	G	2797714
15	3	T	1403459
15	4	A	461781
15	6	C	9360
15	4	G	187300
15	7	A	22237
15	5	A	180119
15	6	G	9536
15	3	G	741718
15	5	G	46195
15	8	A	8148
15	4	T	480193
15	5	T	181834
15	6	T	53295
15	6	A	53851
15	9	A	4813
15	8	G	391
15	10	T	2991
15	7	T	22756
15	8	T	8577
15	18	T	667
15	10	A	3056
15	9	T	4846
15	12	G	22
15	11	A	1991
15	29	T	106
15	14	T	1248
15	18	A	660
15	11	T	2093
15	13	T	1432
15	7	G	1774
15	12	T	1609
15	15	T	1153
15	25	T	246
15	20	A	453
15	21	A	369
15	14	A	1262
15	23	A	298
15	15	A	1111
15	12	A	1580
15	24	A	284
15	17	A	805
15	22	T	365
15	20	T	498
15	21	T	378
15	11	G	31
15	10	G	101
15	8	C	395
15	7	C	1677
15	25	A	251
15	10	C	128
15	19	A	527
15	13	A	1410
15	22	A	348
15	16	T	967
15	24	T	337
15	36	T	11
15	14	G	7
15	16	A	923
15	19	T	542
15	27	T	136
15	17	T	844
15	33	T	32
15	40	A	9
15	9	C	127
15	26	T	172
15	13	C	49
15	40	T	40
15	15	C	41
15	9	G	114
15	14	C	29
15	41	T	24
15	11	C	44
15	12	C	15
15	38	T	14
15	28	A	104
15	37	A	16
15	37	T	19
15	26	A	172
15	31	A	43
15	30	A	59
15	45	A	4
15	23	T	313
15	36	A	20
15	27	A	145
15	42	A	8
15	31	T	35
15	32	T	34
15	30	T	73
15	39	T	12
15	38	A	9
15	28	T	115
15	29	A	101
15	33	A	22
15	32	A	39
15	34	T	14
15	35	A	11
15	43	A	9
15	34	A	18
15	15	G	3
15	42	T	4
15	44	A	3
15	35	T	11
15	48	T	4
15	25	G	1
15	17	G	4
15	41	A	6
15	47	A	1
15	16	C	2
15	24	C	1
15	20	G	1
15	19	G	2
15	29	C	1
15	45	T	1
15	39	A	6
15	47	T	5
15	13	G	12
15	43	T	4
15	21	G	1
15	56	T	1
15	27	G	1
15	46	T	2
15	54	T	1
15	61	A	1
15	49	A	3
15	44	T	3
15	52	T	1
15	48	A	1
15	18	C	1
15	20	C	1
15	16	G	3
15	27	C	1
15	22	C	1
15	21	C	1
15	55	T	1
15	46	A	1
15	24	G	1
15	29	G	1
15	28	C	1
15	63	T	1
15	50	A	2
15	57	A	1
15	18	G	1
15	49	T	1
15	58	T	1
15	54	A	1
15	62	A	1
16	2	A	3057415
16	3	C	803673
16	3	A	1052496
16	2	C	3499179
16	4	C	197086
16	5	C	49147
16	2	G	2856101
16	3	G	785677
16	2	T	4275077
16	4	T	385939
16	3	T	1345823
16	4	G	198888
16	5	G	48960
16	22	G	1
16	4	A	365656
16	5	T	151692
16	7	T	20160
16	6	C	10044
16	6	G	10208
16	5	A	150744
16	6	T	45564
16	7	G	1531
16	6	A	44122
16	8	T	7345
16	18	T	756
16	25	T	255
16	19	T	661
16	14	T	1416
16	17	T	935
16	9	T	4381
16	15	A	1312
16	7	A	19108
16	8	A	7266
16	20	A	560
16	14	A	1356
16	23	A	410
16	12	A	1607
16	9	A	4256
16	12	T	1637
16	16	T	1135
16	17	A	880
16	8	C	310
16	7	C	1534
16	8	G	346
16	11	G	46
16	10	G	60
16	10	A	3081
16	10	T	2991
16	13	T	1422
16	21	T	473
16	16	A	1107
16	18	A	802
16	29	A	116
16	27	T	149
16	31	A	46
16	11	T	1998
16	14	C	15
16	11	A	2002
16	21	A	500
16	24	T	329
16	13	A	1501
16	24	A	330
16	26	A	220
16	15	T	1245
16	28	A	140
16	19	A	590
16	22	T	426
16	27	A	163
16	22	A	439
16	23	T	366
16	25	A	260
16	26	T	209
16	20	T	552
16	11	C	39
16	9	G	126
16	9	C	115
16	10	C	69
16	15	C	12
16	13	G	13
16	30	A	87
16	22	C	1
16	12	C	26
16	14	G	12
16	39	T	12
16	33	T	23
16	16	G	4
16	30	T	88
16	28	T	142
16	31	T	61
16	43	A	5
16	29	T	118
16	33	A	29
16	12	G	31
16	34	A	28
16	36	A	20
16	32	T	30
16	52	T	1
16	34	T	19
16	38	A	18
16	38	T	16
16	32	A	38
16	37	A	13
16	36	T	15
16	23	G	1
16	37	T	16
16	35	T	15
16	41	A	8
16	40	A	13
16	49	A	2
16	13	C	17
16	48	A	4
16	41	T	6
16	58	A	1
16	42	T	5
16	35	A	10
16	39	A	17
16	48	T	3
16	20	C	3
16	42	A	4
16	40	T	18
16	49	T	8
16	51	A	2
16	43	T	9
16	44	T	5
16	44	A	2
16	62	T	1
16	46	A	3
16	16	C	3
16	46	T	2
16	51	T	2
16	17	C	3
16	20	G	2
16	19	C	2
16	18	G	5
16	31	C	1
16	54	A	1
16	26	G	1
16	54	T	1
16	56	T	1
16	47	T	2
16	57	A	1
16	45	T	2
16	53	A	1
16	57	T	1
16	17	G	2
16	47	A	2
16	19	G	1
16	28	C	1
16	26	C	1
16	25	G	1
17	2	T	2791827
17	2	C	2793082
17	2	A	2767788
17	3	C	797947
17	3	A	1021753
17	4	C	206820
17	3	G	808497
17	2	G	2861380
17	4	T	345536
17	4	A	351969
17	5	A	148514
17	3	T	1057541
17	4	G	206826
17	6	A	43227
17	6	T	43280
17	5	G	52685
17	5	C	53246
17	12	A	1812
17	5	T	154645
17	7	A	18925
17	10	A	3306
17	8	A	7386
17	6	G	10619
17	15	A	1507
17	13	A	1716
17	7	T	18908
17	7	G	1788
17	13	C	18
17	17	T	1010
17	14	T	1567
17	8	T	7461
17	6	C	10885
17	11	T	2140
17	9	A	4421
17	7	C	1763
17	17	A	1066
17	19	A	729
17	12	T	1830
17	20	T	602
17	22	T	482
17	14	A	1562
17	9	T	4541
17	16	T	1296
17	8	G	353
17	28	T	137
17	24	T	352
17	21	A	552
17	15	T	1405
17	16	A	1265
17	10	T	3181
17	13	T	1670
17	21	T	499
17	11	A	2200
17	18	A	916
17	23	T	443
17	9	C	134
17	12	C	22
17	11	C	52
17	22	A	510
17	26	T	234
17	23	A	415
17	20	A	621
17	18	T	859
17	27	A	185
17	19	T	693
17	28	A	152
17	24	A	341
17	10	G	81
17	27	T	144
17	25	T	310
17	34	T	13
17	49	A	1
17	29	A	121
17	29	T	121
17	9	G	124
17	10	C	75
17	25	A	303
17	8	C	371
17	26	A	223
17	32	A	35
17	38	T	12
17	42	A	5
17	12	G	35
17	13	G	20
17	35	A	17
17	30	A	82
17	14	C	10
17	11	G	43
17	17	G	3
17	31	A	48
17	14	G	10
17	30	T	68
17	33	T	27
17	27	C	1
17	34	A	25
17	21	C	2
17	39	T	14
17	38	A	16
17	31	T	47
17	15	G	9
17	39	A	10
17	37	A	11
17	36	T	15
17	16	C	6
17	33	A	18
17	43	A	3
17	20	G	4
17	18	C	4
17	24	G	1
17	32	T	22
17	41	A	9
17	16	G	4
17	18	G	1
17	54	T	2
17	40	A	12
17	37	T	16
17	35	T	12
17	40	T	11
17	47	T	3
17	43	T	3
17	53	A	2
17	29	C	1
17	50	A	2
17	36	A	11
17	53	T	2
17	41	T	4
17	15	C	10
17	19	C	2
17	45	A	3
17	47	A	5
17	46	T	3
17	23	G	1
17	22	C	2
17	62	T	1
17	49	T	3
17	19	G	2
17	46	A	1
17	64	A	1
17	44	T	2
17	42	T	1
17	17	C	3
17	48	A	1
17	21	G	1
17	24	C	1
17	48	T	2
17	45	T	1
17	23	C	2
17	44	A	1
17	51	A	1
17	52	T	1
18	2	T	2996947
18	2	C	2129069
18	2	A	3008804
18	3	C	566453
18	3	A	1211202
18	5	C	28949
18	4	C	127565
18	2	G	2273967
18	3	G	562607
18	4	T	474900
18	3	T	1260799
18	4	G	128749
18	4	A	444976
18	5	G	29076
18	5	A	179565
18	9	A	4074
18	6	C	5768
18	5	T	183115
18	6	T	48673
18	8	A	7140
18	13	T	1014
18	6	A	49290
18	7	A	20244
18	29	A	63
18	35	A	10
18	8	T	7204
18	7	T	22132
18	16	T	647
18	11	A	1504
18	6	G	5676
18	14	T	878
18	15	T	777
18	9	T	4120
18	36	A	9
18	17	T	503
18	30	A	37
18	12	A	1163
18	7	G	763
18	7	C	937
18	13	A	985
18	10	A	2525
18	26	A	112
18	22	A	238
18	15	A	791
18	16	A	651
18	14	A	878
18	8	C	165
18	17	A	515
18	11	T	1479
18	10	T	2669
18	21	A	261
18	32	A	27
18	24	A	197
18	23	A	210
18	12	T	1154
18	20	T	270
18	18	T	403
18	22	T	250
18	20	A	285
18	18	A	413
18	21	T	258
18	23	T	202
18	25	T	149
18	25	A	155
18	10	G	40
18	9	C	66
18	29	T	48
18	9	G	69
18	19	T	354
18	19	A	325
18	33	T	19
18	28	A	75
18	26	T	150
18	28	T	72
18	27	T	106
18	30	T	45
18	31	T	25
18	11	C	27
18	24	T	165
18	37	A	14
18	27	A	101
18	8	G	168
18	12	G	11
18	43	A	2
18	11	G	32
18	31	A	35
18	40	A	10
18	10	C	39
18	34	A	14
18	45	A	3
18	38	T	9
18	41	T	4
18	13	C	3
18	32	T	12
18	34	T	9
18	14	C	11
18	33	A	20
18	40	T	6
18	42	A	7
18	13	G	9
18	36	T	11
18	39	A	9
18	19	C	1
18	15	G	2
18	12	C	22
18	39	T	12
18	18	C	2
18	50	A	2
18	15	C	5
18	46	A	2
18	17	G	4
18	37	T	4
18	49	A	1
18	42	T	3
18	47	A	4
18	35	T	8
18	47	T	2
18	16	G	1
18	14	G	4
18	51	T	2
18	45	T	1
18	43	T	3
18	51	A	1
18	38	A	3
18	46	T	3
18	20	C	1
18	44	T	3
18	22	C	1
18	17	C	1
18	41	A	3
18	59	A	1
18	48	A	1
18	63	A	1
18	52	A	1
18	63	T	1
18	54	A	1
18	18	G	1
18	49	T	1
19	2	A	1837859
19	3	C	644787
19	2	C	2167371
19	4	C	172416
19	5	C	46246
19	3	A	677216
19	6	C	10048
19	2	T	1895834
19	4	A	202581
19	3	G	661600
19	4	T	222748
19	2	G	2193975
19	3	T	705519
19	4	G	175304
19	5	G	46851
19	7	G	1915
19	13	G	17
19	6	A	29082
19	5	T	109175
19	7	T	13640
19	6	T	30294
19	5	A	101202
19	7	A	13174
19	8	A	5210
19	13	T	1417
19	13	A	1416
19	16	A	1087
19	10	T	2450
19	9	T	3332
19	12	A	1453
19	11	T	1792
19	23	T	391
19	10	A	2304
19	8	T	5712
19	20	A	581
19	11	A	1645
19	15	T	1359
19	6	G	9990
19	9	A	3279
19	16	T	1137
19	22	A	426
19	14	A	1364
19	12	T	1518
19	8	C	405
19	28	T	118
19	18	A	757
19	14	T	1325
19	29	T	94
19	15	A	1272
19	24	A	290
19	21	A	494
19	17	A	911
19	19	A	626
19	25	A	272
19	27	T	163
19	7	C	2019
19	8	G	409
19	27	A	150
19	23	A	431
19	22	T	457
19	18	T	738
19	26	A	159
19	9	G	127
19	18	G	5
19	32	T	25
19	14	G	21
19	20	T	549
19	28	A	105
19	10	G	77
19	39	T	14
19	21	T	524
19	11	G	49
19	17	T	964
19	12	G	36
19	25	T	260
19	14	C	7
19	10	C	71
19	19	T	648
19	9	C	144
19	30	T	58
19	12	C	27
19	42	T	7
19	21	G	2
19	15	G	7
19	31	T	55
19	24	T	301
19	16	C	4
19	11	C	40
19	37	T	7
19	26	T	192
19	40	A	8
19	31	A	34
19	34	A	20
19	35	A	23
19	33	A	23
19	30	A	59
19	32	A	28
19	29	A	88
19	13	C	15
19	40	T	11
19	38	T	11
19	17	G	7
19	30	C	1
19	38	A	17
19	37	A	11
19	43	T	3
19	39	A	14
19	43	A	5
19	52	T	1
19	41	A	8
19	36	A	11
19	33	T	18
19	22	G	1
19	16	G	6
19	15	C	6
19	42	A	3
19	34	T	16
19	44	T	5
19	48	A	1
19	35	T	13
19	49	A	1
19	41	T	10
19	36	T	3
19	47	A	2
19	45	A	5
19	45	T	2
19	54	T	1
19	44	A	4
19	24	G	1
19	28	C	1
19	17	C	3
19	46	A	2
19	56	A	1
19	20	C	1
19	53	T	1
19	49	T	1
19	23	C	1
19	18	C	1
19	50	A	1
19	25	C	1
19	19	G	3
19	20	G	1
19	46	T	1
19	50	T	1
19	51	T	1
19	24	C	1
19	54	A	1
20	2	T	2247081
20	2	A	2342794
20	3	C	582629
20	2	C	2022278
20	5	C	37226
20	3	A	867659
20	4	C	148207
20	4	T	309272
20	3	G	583669
20	2	G	2186468
20	3	T	878559
20	6	C	7557
20	4	G	147658
20	5	G	36641
20	4	A	294438
20	5	A	128949
20	5	T	130538
20	40	T	10
20	6	T	34849
20	6	A	32814
20	10	A	1961
20	7	T	14546
20	8	A	5096
20	9	A	3106
20	7	A	13853
20	8	T	5472
20	6	G	7110
20	12	T	1150
20	9	T	3134
20	16	A	693
20	15	A	726
20	16	T	700
20	10	T	2109
20	13	A	940
20	14	A	884
20	21	A	295
20	11	A	1237
20	14	T	866
20	17	A	538
20	26	A	121
20	14	G	10
20	7	G	1100
20	12	A	1036
20	8	C	211
20	24	T	201
20	15	T	805
20	25	T	178
20	18	T	469
20	19	A	366
20	11	T	1398
20	13	T	950
20	19	T	372
20	17	T	561
20	24	A	181
20	21	T	320
20	7	C	1192
20	22	A	263
20	23	T	212
20	37	T	9
20	30	A	54
20	27	A	89
20	29	A	45
20	33	A	5
20	28	T	69
20	20	T	346
20	20	A	348
20	18	A	409
20	8	G	252
20	22	T	261
20	23	A	221
20	29	T	69
20	25	A	136
20	10	G	55
20	9	G	105
20	11	G	23
20	41	A	8
20	26	T	135
20	42	A	5
20	10	C	65
20	9	C	69
20	28	A	59
20	34	T	14
20	32	A	17
20	27	T	100
20	13	C	7
20	30	T	40
20	15	G	9
20	35	T	7
20	31	A	27
20	34	A	10
20	42	T	7
20	14	C	7
20	38	A	8
20	12	G	19
20	41	T	6
20	36	A	5
20	39	A	2
20	38	T	15
20	12	C	10
20	13	G	8
20	33	T	16
20	32	T	20
20	49	A	3
20	57	T	1
20	35	A	12
20	31	T	26
20	11	C	20
20	47	T	2
20	40	A	4
20	39	T	5
20	19	G	2
20	51	T	1
20	54	T	1
20	45	A	2
20	17	C	4
20	18	C	1
20	36	T	4
20	15	C	5
20	46	A	1
20	50	A	1
20	37	A	4
20	16	G	4
20	48	A	2
20	58	A	1
20	43	A	1
20	46	T	2
20	18	G	2
20	43	T	2
20	20	C	2
20	16	C	1
20	22	G	1
20	21	C	1
20	47	A	1
20	51	A	2
20	56	A	1
20	29	G	1
20	52	T	1
21	4	A	243155
21	3	C	354717
21	2	A	1642313
21	2	C	1326773
21	3	A	646125
21	4	C	90599
21	5	C	23056
21	2	G	1367087
21	3	T	617503
21	4	T	231784
21	2	T	1593803
21	5	T	86153
21	4	G	90425
21	3	G	333522
21	6	T	24897
21	5	A	85769
21	6	A	26792
21	7	A	10460
21	8	G	222
21	6	G	4901
21	8	A	3826
21	10	T	1365
21	5	G	23904
21	6	C	4895
21	7	T	10314
21	8	T	3954
21	20	T	151
21	9	A	2118
21	9	T	2174
21	7	G	1013
21	10	A	1380
21	25	T	128
21	14	T	439
21	19	A	173
21	11	T	938
21	15	T	370
21	13	T	569
21	16	T	361
21	12	T	589
21	20	A	153
21	22	A	119
21	11	A	817
21	14	A	419
21	23	A	112
21	15	A	402
21	13	A	501
21	21	A	147
21	21	T	148
21	9	G	48
21	12	G	14
21	16	A	348
21	19	T	194
21	12	A	584
21	33	T	12
21	7	C	1124
21	15	G	2
21	10	G	28
21	8	C	301
21	25	A	77
21	18	A	221
21	27	A	42
21	17	A	281
21	17	T	335
21	23	T	134
21	32	A	14
21	28	A	41
21	26	T	85
21	28	T	51
21	14	G	3
21	18	T	219
21	24	T	104
21	37	A	7
21	29	T	77
21	22	T	159
21	42	T	3
21	10	C	27
21	11	G	65
21	15	C	56
21	31	T	33
21	12	C	105
21	13	G	20
21	9	C	167
21	11	C	33
21	13	C	5
21	14	C	4
21	18	C	2
21	30	T	27
21	24	A	72
21	38	A	7
21	35	A	8
21	46	T	1
21	27	T	48
21	36	T	8
21	26	A	63
21	38	T	12
21	32	T	15
21	48	T	3
21	30	A	18
21	16	C	1
21	36	A	6
21	19	C	2
21	39	T	5
21	47	T	3
21	29	A	30
21	42	A	1
21	37	T	5
21	34	T	7
21	44	A	2
21	40	A	3
21	50	T	1
21	33	A	6
21	31	A	14
21	43	A	2
21	47	A	1
21	39	A	5
21	54	T	1
21	60	A	1
21	41	T	3
21	35	T	7
21	18	G	1
21	34	A	4
21	16	G	1
21	17	C	1
21	22	C	1
21	20	C	1
21	54	A	1
22	2	T	1631835
22	3	A	634047
22	3	C	499076
22	2	A	1681760
22	2	C	1727806
22	4	C	129377
22	5	C	33366
22	2	G	1790045
22	3	T	572398
22	4	T	183063
22	5	T	81907
22	4	G	138390
22	4	A	200981
22	3	G	479152
22	6	T	20642
22	5	A	84763
22	6	A	23295
22	7	A	8857
22	8	G	245
22	6	G	6620
22	8	A	3431
22	10	T	1414
22	5	G	36526
22	6	C	6666
22	7	T	8488
22	8	T	3346
22	20	T	299
22	10	A	1421
22	11	G	23
22	9	A	1969
22	9	T	2040
22	22	T	242
22	14	T	703
22	21	A	227
22	11	T	968
22	13	T	705
22	7	G	1122
22	15	T	562
22	24	T	182
22	11	A	905
22	15	A	611
22	13	A	683
22	16	A	541
22	14	A	687
22	12	T	720
22	22	A	226
22	17	A	477
22	23	T	184
22	19	T	310
22	21	T	244
22	30	T	57
22	7	C	1083
22	10	G	60
22	9	G	71
22	8	C	299
22	10	C	43
22	23	A	181
22	12	A	789
22	17	T	486
22	16	T	558
22	18	T	386
22	25	T	120
22	12	G	12
22	27	A	78
22	20	A	292
22	19	A	324
22	18	A	359
22	25	A	102
22	15	G	4
22	33	T	8
22	50	T	2
22	26	T	99
22	11	C	46
22	15	C	21
22	13	C	32
22	14	C	8
22	12	C	18
22	9	C	70
22	38	T	7
22	47	T	2
22	26	A	81
22	45	T	1
22	37	T	7
22	29	T	45
22	42	A	3
22	28	A	57
22	35	T	7
22	27	T	76
22	31	A	25
22	56	T	1
22	29	A	46
22	39	T	3
22	40	A	4
22	42	T	4
22	30	A	35
22	28	T	44
22	24	A	135
22	31	T	20
22	44	T	4
22	35	A	3
22	32	T	11
22	34	T	7
22	32	A	18
22	34	A	8
22	17	C	2
22	41	T	4
22	23	C	1
22	38	A	5
22	41	A	2
22	39	A	5
22	14	G	5
22	13	G	7
22	36	A	9
22	16	C	4
22	37	A	6
22	19	C	1
22	40	T	7
22	36	T	4
22	46	A	1
22	33	A	9
22	22	C	2
22	17	G	3
22	47	A	1
22	18	C	3
22	43	A	1
22	44	A	3
22	45	A	1
22	27	G	1
22	50	A	1
X	2	A	5787740
X	2	C	4262152
X	3	C	1075768
X	3	A	2325194
X	4	C	255479
X	2	G	4221741
X	3	G	1076313
X	2	T	5810514
X	4	A	888744
X	4	G	252142
X	3	T	2315512
X	6	G	12537
X	6	T	104268
X	4	T	881442
X	7	A	41396
X	5	A	332610
X	5	T	336954
X	5	C	57449
X	8	A	14817
X	6	C	12153
X	5	G	58713
X	10	T	5312
X	18	T	826
X	19	T	670
X	10	A	5073
X	6	A	102404
X	19	A	674
X	7	C	1777
X	7	G	1902
X	9	T	8351
X	15	A	1523
X	12	T	2279
X	18	A	835
X	8	T	14913
X	11	T	3104
X	13	A	2005
X	8	G	420
X	9	A	8336
X	25	A	296
X	14	A	1665
X	20	T	563
X	7	T	42062
X	13	T	2077
X	23	T	400
X	16	A	1325
X	14	T	1796
X	21	A	489
X	11	C	76
X	15	T	1578
X	21	T	515
X	20	A	595
X	22	A	465
X	17	A	1026
X	8	C	429
X	13	G	22
X	11	G	67
X	9	G	177
X	10	G	129
X	12	A	2233
X	11	A	2980
X	22	T	456
X	33	A	24
X	24	T	309
X	23	A	369
X	10	C	94
X	29	T	105
X	17	T	1022
X	28	T	144
X	16	T	1340
X	25	T	243
X	27	T	189
X	12	G	30
X	24	A	351
X	42	A	8
X	31	A	59
X	30	T	86
X	27	A	184
X	26	T	212
X	26	A	241
X	32	T	41
X	28	A	153
X	9	C	172
X	29	A	111
X	30	A	91
X	12	C	33
X	42	T	12
X	57	T	2
X	17	C	5
X	35	T	20
X	37	T	19
X	41	A	13
X	32	A	48
X	38	T	14
X	14	G	13
X	35	A	26
X	37	A	20
X	38	A	16
X	46	T	3
X	36	A	17
X	33	T	27
X	39	A	23
X	31	T	47
X	34	A	15
X	36	T	15
X	13	C	29
X	16	C	6
X	49	A	3
X	44	A	2
X	40	T	15
X	50	A	2
X	14	C	9
X	52	A	1
X	47	A	5
X	19	G	5
X	52	T	1
X	47	T	3
X	39	T	13
X	40	A	13
X	48	A	6
X	43	A	8
X	20	C	2
X	43	T	4
X	41	T	11
X	51	A	2
X	45	T	1
X	44	T	7
X	34	T	20
X	15	C	7
X	46	A	3
X	15	G	5
X	23	G	1
X	45	A	4
X	53	A	1
X	16	G	1
X	19	C	3
X	72	T	1
X	22	C	1
X	21	C	2
X	49	T	3
X	21	G	2
X	57	A	1
X	48	T	3
X	30	C	1
X	50	T	3
X	62	T	1
X	59	A	1
X	59	T	1
X	54	A	2
X	51	T	2
X	61	T	1
X	55	T	1
X	18	G	1
M	3	T	140
M	2	T	566
M	2	C	747
M	3	A	230
M	2	A	738
M	4	A	69
M	3	G	46
M	4	C	99
M	2	G	297
M	3	C	244
M	5	C	45
M	4	T	36
M	6	A	12
M	5	A	24
M	7	A	6
M	4	G	8
M	6	C	11
M	6	T	3
M	5	T	7
M	5	G	2
M	7	T	1
M	8	A	1
M	6	G	1
M	7	C	1
